Restaurant ID,City,Locality,Latitude,Longitude,hotspot_cluster
3400025,Agra,Agra Cantt,27.16166111,78.01154444,-1
3400005,Agra,Agra Cantt,27.16083249,78.01160797,-1
3400021,Agra,Civil Lines,27.19592778,77.99809167,-1
3400017,Agra,Civil Lines,27.201725,78.00755278,-1
3400059,Agra,"ITC Mughal, Tajganj",27.160934,78.044095,-1
3400060,Agra,"ITC Mughal, Tajganj",27.160934,78.044095,-1
3400072,Agra,"Radisson Blu, Tajganj",27.163303,78.057044,-1
3400073,Agra,"Radisson Blu, Tajganj",27.163303,78.057044,-1
3400019,Agra,Rakabganj,27.16510833,78.01505278,-1
3400033,Agra,Tajganj,27.159795,78.04299,-1
3400346,Agra,Tajganj,27.16185,78.040165,-1
3400016,Agra,Tajganj,27.15777222,78.04725,-1
3400105,Agra,Tajganj,27.16169444,78.03471389,-1
3400392,Agra,Tajganj,27.158822,78.045359,-1
111895,Ahmedabad,Ambavadi,23.01045111,72.5375741,-1
110502,Ahmedabad,Ashram Road,23.0261651,72.572009,-1
18396250,Ahmedabad,Bodakdev,23.0383109,72.5123947,-1
113702,Ahmedabad,Bodakdev,23.0401633,72.5017644,-1
113433,Ahmedabad,Bodakdev,23.0330688,72.5098065,-1
18438909,Ahmedabad,Bodakdev,23.0382314,72.5124872,-1
18143128,Ahmedabad,Bodakdev,23.0318508,72.511307,-1
18438944,Ahmedabad,C G Road,23.0290619,72.5570374,-1
110436,Ahmedabad,"Courtyard By Marriott, Satellite",23.027929,72.5115815,-1
18385201,Ahmedabad,Ellis Bridge,23.02874796,72.55998429,-1
110395,Ahmedabad,Ellis Bridge,23.02443364,72.55903311,-1
18335583,Ahmedabad,Ghatlodia,23.0643038,72.5316389,-1
110237,Ahmedabad,Gurukul,23.04850469,72.5239649,-1
113537,Ahmedabad,Gurukul,23.04619268,72.53774978,-1
113703,Ahmedabad,Navrangpura,23.0437235,72.5498285,-1
18385186,Ahmedabad,Navrangpura,23.0443367,72.5504755,-1
113325,Ahmedabad,Prahlad Nagar,23.0117723,72.5072645,-1
111826,Ahmedabad,Thaltej,23.0534466,72.5181257,-1
110516,Ahmedabad,"The Fern, Sola",23.0640914,72.5222172,-1
18371341,Ahmedabad,Vastrapur,23.0418026,72.5281083,-1
113570,Ahmedabad,Vastrapur,23.0285142,72.5434513,-1
2400020,Allahabad,Civil Lines,25.454648,81.834502,0
2400148,Allahabad,Civil Lines,25.45343611,81.83316667,0
2400019,Allahabad,Civil Lines,25.451517,81.832616,0
2400027,Allahabad,Civil Lines,25.457687,81.835585,0
2400119,Allahabad,Civil Lines,25.449659,81.839744,0
2400014,Allahabad,Civil Lines,25.450329,81.834279,0
2400017,Allahabad,Civil Lines,25.443994,81.860187,-1
18317988,Allahabad,Civil Lines,25.45164569,81.83279631,0
2400144,Allahabad,Civil Lines,25.459775,81.834841,0
2400195,Allahabad,Civil Lines,25.44987222,81.83616667,0
2400052,Allahabad,Civil Lines,25.450377,81.834236,0
2400016,Allahabad,Civil Lines,25.45235,81.841889,0
2400293,Allahabad,Civil Lines,25.45031667,81.83168056,0
2400009,Allahabad,Tagore Town,25.457116,81.859682,-1
2400010,Allahabad,"Vinayak City Centre Mall, Civil Lines",25.454697,81.834492,0
2200011,Amritsar,Basant Nagar,31.64362,74.884359,-1
2200078,Amritsar,Basant Nagar,31.644532,74.884384,-1
2200030,Amritsar,INA Colony,31.635658,74.875878,-1
2200201,Amritsar,INA Colony,31.63488333,74.87575556,-1
2200067,Amritsar,INA Colony,31.635671,74.875828,-1
2200001,Amritsar,Ranjit Avenue,31.65558889,74.86276111,-1
2200033,Amritsar,Ranjit Avenue,31.65044167,74.86299167,-1
2200283,Amritsar,Ranjit Avenue,31.6466891,74.8649101,-1
2200045,Amritsar,Ranjit Avenue,31.65319167,74.86416667,-1
2200149,Amritsar,Town Hall,31.62404722,74.87981389,-1
2200043,Amritsar,Town Hall,31.62394722,74.87461944,-1
2200044,Amritsar,Town Hall,31.62615278,74.87833333,-1
2200132,Amritsar,Town Hall,31.625981,74.877666,-1
2200236,Amritsar,Town Hall,31.62261111,74.87957778,-1
2200000,Amritsar,Town Hall,31.624386,74.873005,-1
2200055,Amritsar,White Avenue,31.641991,74.883997,-1
2200034,Amritsar,White Avenue,31.644818,74.877002,-1
2500023,Aurangabad,Akashwani,19.87621944,75.34601667,-1
2500054,Aurangabad,CIDCO,19.87473333,75.35394167,-1
2500134,Aurangabad,CIDCO,19.87610556,75.340775,-1
2500069,Aurangabad,CIDCO,19.8755223,75.3671268,-1
2500256,Aurangabad,CIDCO,19.874449,75.360232,-1
2500024,Aurangabad,CIDCO,19.875908,75.358888,-1
2500075,Aurangabad,CIDCO,19.87642778,75.36479167,-1
2500029,Aurangabad,CIDCO,19.874103,75.3684187,-1
2500079,Aurangabad,"Hotel Green Olive, Nirala Bazar",19.875337,75.316722,-1
2500052,Aurangabad,Nirala Bazar,19.87963056,75.32340278,-1
2500062,Aurangabad,Nirala Bazar,19.88025556,75.32350278,-1
2500056,Aurangabad,Nirala Bazar,19.875016,75.322405,-1
2500030,Aurangabad,Nirala Bazar,19.87802778,75.317475,-1
2500007,Aurangabad,"Prozone Mall, Chicalthana",19.87699444,75.37235278,-1
2500123,Aurangabad,Shahgunj,19.888716,75.321461,-1
2500122,Aurangabad,Usmanpura,19.86696944,75.31889444,-1
50943,Bangalore,"BluPetal Hotel, Koramangala",12.93328392,77.61542793,-1
58268,Bangalore,Indiranagar,12.97022064,77.64539558,-1
51705,Bangalore,Indiranagar,12.9791658,77.64070876,-1
18162866,Bangalore,Indiranagar,12.98041024,77.64048882,-1
18407918,Bangalore,Indiranagar,12.970324,77.645748,-1
56464,Bangalore,Indiranagar,12.97909556,77.64062494,-1
18221572,Bangalore,Indiranagar,12.97845292,77.64368467,-1
18359919,Bangalore,JP Nagar,12.90622878,77.59679094,-1
18439634,Bangalore,Koramangala 5th Block,12.934179,77.615797,-1
51040,Bangalore,Koramangala 5th Block,12.93329764,77.61429269,-1
54162,Bangalore,Koramangala 5th Block,12.93436454,77.61615515,-1
18305628,Bangalore,Koramangala 6th Block,12.939496,77.625999,-1
18385443,Bangalore,Koramangala 7th Block,12.93566181,77.61413042,-1
56618,Bangalore,Marathahalli,12.94993396,77.6993861,-1
18353121,Bangalore,Marathahalli,12.97537691,77.696664,-1
18366652,Bangalore,New BEL Road,13.0291977,77.5709967,-1
18430785,Bangalore,Residency Road,12.97253153,77.60817859,-1
58882,Bangalore,Sarjapur Road,12.91304096,77.68323686,-1
18422898,Bangalore,Sarjapur Road,12.914264,77.6784,-1
18339874,Bangalore,UB City,12.9721612,77.5960137,-1
2600472,Bhopal,Arera Colony,23.211529,77.419399,-1
2600109,Bhopal,Arera Colony,23.214294,77.435361,-1
2600311,Bhopal,Arera Colony,23.18499152,77.41722744,-1
2600008,Bhopal,Arera Colony,23.214459,77.434976,-1
2600031,Bhopal,"DB City, Maharana Pratap Nagar",23.232357,77.429989,-1
2600025,Bhopal,"DB City, Maharana Pratap Nagar",23.232537,77.429845,-1
18108352,Bhopal,Kohefiza,23.26626099,77.3796051,-1
2600079,Bhopal,Maharana Pratap Nagar,23.233219,77.433571,-1
18461339,Bhopal,Maharana Pratap Nagar,23.23079116,77.43702042,-1
2600230,Bhopal,Maharana Pratap Nagar,23.234249,77.434007,-1
2600003,Bhopal,Peer Gate Area,23.264015,77.408236,-1
2600303,Bhopal,Sayaji Hotel,23.218998,77.373573,-1
2600180,Bhopal,TT Nagar,23.234631,77.401663,-1
2600007,Bhopal,TT Nagar,23.235123,77.398886,-1
2900354,Bhubaneshwar,"BMC Bhawani Mall, Sahid Nagar",20.286333,85.846838,-1
18408676,Bhubaneshwar,Chandrasekharpur,20.32553933,85.81781287,-1
2900234,Bhubaneshwar,Chandrasekharpur,20.32634444,85.81856667,-1
18362677,Bhubaneshwar,Gajapati Nagar,20.31149633,85.83394811,-1
2900044,Bhubaneshwar,"Mayfair Lagoon, Jayadev Vihar",20.301785,85.819178,-1
2900469,Bhubaneshwar,Patia,20.34306944,85.80823611,-1
2900219,Bhubaneshwar,Patia,20.353675,85.82272222,-1
2900473,Bhubaneshwar,Patia,20.35324774,85.825257,-1
2900020,Bhubaneshwar,Patia,20.35299167,85.82685,-1
2900562,Bhubaneshwar,Patia,20.35343289,85.82599327,-1
18413814,Bhubaneshwar,Patia,20.34347604,85.82289287,-1
18235390,Bhubaneshwar,Patia,20.34314407,85.81112333,-1
18271459,Bhubaneshwar,Patia,20.35348061,85.82225987,-1
18377283,Bhubaneshwar,Sahid Nagar,20.29322917,85.84295925,-1
18408600,Bhubaneshwar,Sahid Nagar,20.29575519,85.84516996,-1
2900012,Bhubaneshwar,"The Crown, Nayapalli",20.292363,85.818494,-1
18436042,Bhubaneshwar,Unit 4,20.28398889,85.82669624,-1
122003,Chandigarh,Chandigarh Industrial Area,30.71005476,76.801234,-1
121552,Chandigarh,"Elante Mall, Chandigarh Industrial Area",30.7050693,76.8009555,-1
121214,Chandigarh,"Elante Mall, Chandigarh Industrial Area",30.7056682,76.8007752,-1
121553,Chandigarh,"Elante Mall, Chandigarh Industrial Area",30.7056102,76.80064,-1
121312,Chandigarh,"Elante Mall, Chandigarh Industrial Area",30.7051482,76.8008653,-1
121335,Chandigarh,"Elante Mall, Chandigarh Industrial Area",30.705775,76.8009555,-1
120014,Chandigarh,Sector 26,30.7257045,76.8051917,-1
123125,Chandigarh,Sector 26,30.7249431,76.8063634,-1
120221,Chandigarh,Sector 28,30.7194841,76.801316,-1
122064,Chandigarh,Sector 35,30.72476574,76.76560555,-1
120203,Chandigarh,Sector 35,30.72152328,76.76055595,-1
120219,Chandigarh,Sector 35,30.7216086,76.7606106,-1
121425,Chandigarh,Sector 35,30.72137975,76.76028337,-1
123010,Chandigarh,Sector 35,30.72114167,76.75984483,-1
123294,Chandigarh,Sector 7,30.7306181,76.8009793,-1
121120,Chandigarh,Sector 7,30.7334795,76.7976205,-1
122940,Chandigarh,Sector 8,30.740827,76.7978909,-1
122830,Chandigarh,Sector 8,30.7408896,76.7972148,-1
69024,Chennai,Adyar,13.0058006,80.250744,-1
72475,Chennai,Anna Nagar East,13.0864385,80.2206723,-1
70431,Chennai,Anna Nagar East,13.0918088,80.2191037,-1
71443,Chennai,Ashok Nagar,13.02977985,80.20881157,-1
73088,Chennai,"Express Avenue Mall,  Royapettah",13.058616,80.264151,-1
18423075,Chennai,Gopalapuram,13.05434714,80.25722075,-1
70890,Chennai,Kilpauk,13.08187778,80.24851944,-1
71492,Chennai,Kotturpuram,13.02239444,80.24243889,-1
70092,Chennai,Mylapore,13.044694,80.26147,-1
70393,Chennai,Nungambakkam,13.066762,80.251865,-1
70894,Chennai,Nungambakkam,13.06418056,80.23644167,-1
73279,Chennai,Perungudi,12.97279291,80.24998214,-1
69951,Chennai,RA Puram,13.02701773,80.25479067,-1
72497,Chennai,Ramapuram,13.02627908,80.17456822,-1
65413,Chennai,Santhome,13.02628637,80.2752348,-1
70497,Chennai,T. Nagar,13.04964535,80.24226844,-1
65055,Chennai,T. Nagar,13.045479,80.23311,-1
18384227,Chennai,Velachery,12.981615,80.231598,-1
72604,Chennai,Velachery,12.98604688,80.21811381,-1
66457,Chennai,Velachery,12.975996,80.221898,-1
18260777,Coimbatore,Gandhipuram,11.01629845,76.9720757,-1
3000107,Coimbatore,Peelamedu,11.022477,76.995667,-1
3000132,Coimbatore,Peelamedu,11.025083,77.015393,-1
3000122,Coimbatore,Peelamedu,11.02483917,77.00700302,-1
3001032,Coimbatore,Peelamedu,11.02216944,76.99959444,-1
3000021,Coimbatore,Peelamedu,11.02127778,76.99501667,-1
18434000,Coimbatore,Podanur,10.96185,76.971082,-1
3000195,Coimbatore,Race Course,11.001852,76.976268,-1
3000126,Coimbatore,Race Course,11.00863836,76.98431119,-1
18280306,Coimbatore,Race Course,11.0030085,76.9754397,-1
3001489,Coimbatore,Race Course,11.00175265,76.98624135,-1
3000770,Coimbatore,Race Course,11.00076241,76.98187642,-1
3000062,Coimbatore,Race Course,11.00366944,76.97649444,-1
3000016,Coimbatore,Race Course,11.00368056,76.975525,-1
3000014,Coimbatore,RS Puram,11.00668611,76.95173611,-1
3000001,Coimbatore,RS Puram,11.010375,76.95295,-1
3001321,Coimbatore,Saibaba Colony,11.02611735,76.94465239,-1
3000996,Coimbatore,Saibaba Colony,11.02091,76.940432,-1
3001065,Coimbatore,"SMS Hotel, Peelamedu",11.02229761,76.9983492,-1
3000048,Coimbatore,Town Hall,10.99413611,76.96330278,-1
3500017,Dehradun,Hathibarkala Salwala,30.335259,78.053162,-1
3500018,Dehradun,Hathibarkala Salwala,30.340722,78.060221,-1
3500011,Dehradun,Hathibarkala Salwala,30.346994,78.062543,-1
18416632,Dehradun,Jakhan,30.36128079,78.06802238,-1
18279289,Dehradun,Jakhan,30.36268594,78.06888981,-1
18408585,Dehradun,Jakhan,30.359722,78.067079,-1
3500059,Dehradun,Karanpur,30.332735,78.054222,-1
3500081,Dehradun,Karanpur,30.328174,78.049117,-1
3500013,Dehradun,"Pacific Mall, Jakhan",30.366322,78.070453,-1
3500024,Dehradun,Paltan Bazaar,30.31952778,78.04026667,-1
3500505,Dehradun,Rajpur,30.3425093,78.061187,-1
3500010,Dehradun,Rajpur,30.327968,78.046106,-1
18440677,Dehradun,Rajpur,30.37220198,78.07715102,-1
301728,Faridabad,Badarpur Border,28.4900591,77.3066401,1
5992,Faridabad,Badarpur Border,28.4901567,77.304776,1
301730,Faridabad,Badarpur Border,28.4901368,77.305563,1
301729,Faridabad,Badarpur Border,28.4900979,77.3061016,1
301731,Faridabad,Badarpur Border,28.490062,77.3057446,1
311053,Faridabad,Badarpur Border,28.4901198,77.3053835,1
9299,Faridabad,Badarpur Border,28.49629167,77.30274167,1
9178,Faridabad,Badarpur Border,28.4959154,77.303542,1
18433852,Faridabad,Badkal Lake,28.4262842,77.3000877,2
304046,Faridabad,Charmwood Village,28.4946638,77.2905651,1
309936,Faridabad,Charmwood Village,28.4946804,77.2905276,1
309927,Faridabad,Charmwood Village,28.4922473,77.2918292,1
18377449,Faridabad,Charmwood Village,28.4990636,77.2918292,1
18472646,Faridabad,Charmwood Village,28.4923251,77.292431,1
18037826,Faridabad,"Crown Interiorz Mall, Sector 35, Faridabad",28.4698631,77.3074479,1
301163,Faridabad,"Crown Interiorz Mall, Sector 35, Faridabad",28.4695043,77.3074479,1
4931,Faridabad,"Crown Interiorz Mall, Sector 35, Faridabad",28.4701322,77.3074479,1
1804,Faridabad,"Crown Interiorz Mall, Sector 35, Faridabad",28.4700256,77.3072684,1
312102,Faridabad,"Crown Interiorz Mall, Sector 35, Faridabad",28.4693655,77.3074031,1
18217857,Faridabad,"Crown Interiorz Mall, Sector 35, Faridabad",28.4693655,77.3074031,1
18471268,Faridabad,"Crown Interiorz Mall, Sector 35, Faridabad",28.469594,77.3074479,1
18381244,Faridabad,"Crown Interiorz Mall, Sector 35, Faridabad",28.4693655,77.3074031,1
18408041,Faridabad,"Crown Interiorz Mall, Sector 35, Faridabad",28.4700019,77.3074928,1
311051,Faridabad,"Crown Interiorz Mall, Sector 35, Faridabad",28.46980656,77.30706006,1
18133510,Faridabad,"Crown Interiorz Mall, Sector 35, Faridabad",28.4698629,77.3073785,1
308380,Faridabad,"Crown Interiorz Mall, Sector 35, Faridabad",28.4693655,77.3074031,1
6077,Faridabad,"Crown Plaza Mall, Sector 15, Faridabad",28.3980691,77.3130127,3
308082,Faridabad,"Crown Plaza Mall, Sector 15, Faridabad",28.3979794,77.3130127,3
309558,Faridabad,"Crown Plaza Mall, Sector 15, Faridabad",28.397424,77.3128332,3
8128,Faridabad,"Crown Plaza Mall, Sector 15, Faridabad",28.3978083,77.3131025,3
304062,Faridabad,Dayal Bagh,28.4937692,77.294319,1
9785,Faridabad,"Eldeco Station 1 Mall, Sector 12, Faridabad",28.3868454,77.3139102,3
312514,Faridabad,"Eldeco Station 1 Mall, Sector 12, Faridabad",28.3869029,77.3140449,3
308961,Faridabad,"Hotel Saffron Kiran, Faridabad",28.4719854,77.3056977,1
308963,Faridabad,"Hotel Saffron Kiran, Faridabad",28.4722089,77.3066401,1
308962,Faridabad,"Hotel Saffron Kiran, Faridabad",28.4723428,77.3062507,1
8169,Faridabad,Indraprastha Colony,28.4534629,77.3153578,4
309368,Faridabad,K Hotel,28.446715,77.316429,4
18472429,Faridabad,NIT,28.3954463,77.2900667,-1
18472418,Faridabad,NIT,28.3939512,77.2874809,-1
18472426,Faridabad,NIT,28.3940171,77.2875524,-1
18450934,Faridabad,NIT,28.3982684,77.2922781,-1
6025,Faridabad,"Park Plaza, Sector 21, Faridabad",28.4292178,77.2969459,2
6013,Faridabad,"Parsavnath City Mall, Sector 12, Faridabad",28.383665,77.3144487,3
8153,Faridabad,"Parsavnath City Mall, Sector 12, Faridabad",28.3837046,77.3144877,3
18471296,Faridabad,"Parsavnath City Mall, Sector 12, Faridabad",28.3836738,77.3145373,3
18279477,Faridabad,Sector 10,28.3754863,77.3291609,5
18359331,Faridabad,Sector 10,28.3689797,77.3266079,5
301151,Faridabad,Sector 10,28.3692291,77.3270132,5
18204479,Faridabad,Sector 10,28.3702087,77.329628,5
2198,Faridabad,Sector 10,28.3777541,77.3288978,5
18434243,Faridabad,Sector 10,28.3692291,77.3270132,5
18471262,Faridabad,Sector 10,28.3730138,77.3295018,5
18258480,Faridabad,Sector 11,28.3725172,77.319026,5
9698,Faridabad,Sector 11,28.371835,77.3185858,5
8326,Faridabad,Sector 11,28.3719511,77.3184832,5
18270379,Faridabad,Sector 11,28.3692881,77.32157,5
304006,Faridabad,Sector 12,28.38339444,77.31429167,3
308957,Faridabad,Sector 12,28.384502,77.3244365,3
18427216,Faridabad,Sector 12,28.3811924,77.3144456,3
8266,Faridabad,Sector 12,28.38471389,77.32425,3
18383469,Faridabad,Sector 15,28.395009,77.3229299,3
1367,Faridabad,Sector 15,28.3949008,77.3222568,3
9650,Faridabad,Sector 15,28.3952671,77.3236112,3
308335,Faridabad,Sector 15,28.3950296,77.3217184,3
18391065,Faridabad,Sector 15,28.3950992,77.3241683,3
301193,Faridabad,Sector 15,28.3951274,77.3235114,3
18107832,Faridabad,Sector 15,28.3952906,77.3239437,3
18089254,Faridabad,Sector 15,28.3946937,77.3217312,3
18082235,Faridabad,Sector 15,28.3951869,77.3224363,3
18138421,Faridabad,Sector 15,28.452631,77.292179,7
18421965,Faridabad,Sector 15,28.3950834,77.323244,3
303267,Faridabad,Sector 15,28.3950913,77.3234608,3
7471,Faridabad,Sector 15,28.3950766,77.3236479,3
18219542,Faridabad,Sector 15,28.3952798,77.3234235,3
18355112,Faridabad,Sector 15,28.3949736,77.3220773,3
18270895,Faridabad,Sector 15,28.395196,77.3235233,3
18313839,Faridabad,Sector 15,28.393261,77.317231,3
5005,Faridabad,Sector 15,28.3953389,77.3240517,3
1820,Faridabad,Sector 15,28.3951035,77.3244107,3
3863,Faridabad,Sector 15,28.3951385,77.3216428,3
9814,Faridabad,Sector 15,28.3951932,77.3244107,3
18474912,Faridabad,Sector 15,28.39483205,77.32343964,3
18161568,Faridabad,Sector 15,28.39527358,77.32328642,3
18416829,Faridabad,Sector 15,28.3947688,77.3218081,3
18400756,Faridabad,Sector 15,28.395283,77.3244107,3
301177,Faridabad,Sector 15,28.43002333,77.29659833,2
6161,Faridabad,Sector 15,28.3952545,77.3231543,3
2565,Faridabad,Sector 15,28.3950376,77.3244651,3
3866,Faridabad,Sector 15,28.3948264,77.3219427,3
18250288,Faridabad,Sector 15,28.39572041,77.32380275,3
1430,Faridabad,Sector 16,28.4104693,77.3203273,6
18393702,Faridabad,Sector 16,28.4107707,77.3201927,6
6152,Faridabad,Sector 16,28.4106963,77.3192063,6
306962,Faridabad,Sector 16,28.4106593,77.3185323,6
18445360,Faridabad,Sector 16,28.4108198,77.3190765,6
6150,Faridabad,Sector 16,28.4106772,77.318667,6
18421024,Faridabad,Sector 16,28.4095652,77.3199015,6
18367316,Faridabad,Sector 16,28.4108878,77.3185772,6
18466931,Faridabad,Sector 16,28.4105451,77.3190262,6
18466420,Faridabad,Sector 16,28.4106649,77.3187017,6
18464607,Faridabad,Sector 16,28.4118307,77.3200132,6
18464631,Faridabad,Sector 16,28.4120355,77.3202824,6
301170,Faridabad,Sector 16,28.4104693,77.3203273,6
18466939,Faridabad,Sector 16,28.4104999,77.3196991,6
18380180,Faridabad,Sector 16,28.4107084,77.3185772,6
18466407,Faridabad,Sector 16,28.4120254,77.3189708,6
304001,Faridabad,Sector 17,28.4101024,77.3266023,6
8319,Faridabad,Sector 17,28.4101795,77.329167,6
303871,Faridabad,Sector 17,28.4106029,77.3288978,6
8321,Faridabad,Sector 17,28.4103725,77.3275764,6
311047,Faridabad,Sector 17,28.4099515,77.326744,6
8320,Faridabad,Sector 17,28.4101647,77.3278324,6
8308,Faridabad,Sector 17,28.4103306,77.3279106,6
18303717,Faridabad,Sector 17,28.4105998,77.3279106,6
304004,Faridabad,Sector 17,28.4101156,77.32609671,6
18472625,Faridabad,Sector 17,28.409801,77.326227,6
18420432,Faridabad,Sector 19,28.417529,77.3138205,6
9824,Faridabad,Sector 19,28.4175882,77.3144487,6
8029,Faridabad,Sector 21,28.4304159,77.2969594,2
312788,Faridabad,Sector 21,28.4317132,77.2967664,2
309672,Faridabad,Sector 21,28.4301217,77.2964432,2
18439547,Faridabad,Sector 21,28.4298355,77.2963379,2
18452730,Faridabad,Sector 21,28.4300562,77.2969354,2
18317486,Faridabad,Sector 21,28.4221037,77.291919,2
18452267,Faridabad,Sector 21,28.4296999,77.2964494,2
18466980,Faridabad,Sector 21,28.4298396,77.2965369,2
18469937,Faridabad,Sector 21,28.4301909,77.2966226,2
18433879,Faridabad,Sector 21,28.4263417,77.3002223,2
18369105,Faridabad,Sector 28,28.43892133,77.31297973,4
18133473,Faridabad,Sector 28,28.4353341,77.315069,4
18458540,Faridabad,Sector 28,28.4353375,77.3150688,4
8167,Faridabad,Sector 29,28.4334516,77.3211256,-1
18463990,Faridabad,Sector 29,28.4334249,77.3212535,-1
18420465,Faridabad,Sector 31,28.446933,77.309147,4
309656,Faridabad,Sector 31,28.4465451,77.317127,4
305235,Faridabad,Sector 31,28.4452616,77.315795,4
309654,Faridabad,Sector 31,28.44589444,77.31723889,4
4462,Faridabad,Sector 31,28.4466361,77.3170515,4
18469962,Faridabad,Sector 31,28.4549967,77.3159508,4
1414,Faridabad,Sector 34,28.4718644,77.3149118,1
304112,Faridabad,Sector 34,28.471413,77.3107195,1
18472443,Faridabad,Sector 35,28.471302,77.3108138,1
18456807,Faridabad,Sector 35,28.471302,77.3108138,1
18471284,Faridabad,Sector 35,28.4749127,77.3060306,1
18471328,Faridabad,Sector 35,28.4711559,77.3105616,1
18204478,Faridabad,Sector 37,28.48429689,77.30693936,1
18444264,Faridabad,Sector 37,28.4807864,77.3062811,1
9224,Faridabad,Sector 37,28.480381,77.3116575,1
8054,Faridabad,Sector 37,28.4805482,77.3104099,1
304114,Faridabad,Sector 37,28.48426667,77.30677778,1
1413,Faridabad,Sector 37,28.480467,77.3104996,1
1715,Faridabad,Sector 37,28.4805821,77.3107689,1
4464,Faridabad,Sector 37,28.4805517,77.3113972,1
5010,Faridabad,Sector 37,28.4804188,77.3115506,1
301127,Faridabad,Sector 37,28.4807634,77.3109543,1
9233,Faridabad,Sector 37,28.48420819,77.3066403,1
18471246,Faridabad,Sector 37,28.4805778,77.311746,1
18446082,Faridabad,Sector 37,28.4808293,77.3114869,1
18396398,Faridabad,Sector 37,28.4803991,77.3106046,1
18471244,Faridabad,Sector 37,28.4806939,77.3113363,1
18367078,Faridabad,Sector 37,28.4806379,77.3104099,1
18469976,Faridabad,Sector 37,28.4808985,77.3103201,1
18381643,Faridabad,Sector 37,28.4773757,77.3092797,1
18471327,Faridabad,Sector 37,28.474531,77.3060567,1
18469936,Faridabad,Sector 37,28.4807304,77.3056065,1
18433895,Faridabad,Sector 41,28.46626355,77.28759091,7
313089,Faridabad,Sector 41,28.46191014,77.28919957,7
18089775,Faridabad,Sector 42,28.46118611,77.30027778,7
309632,Faridabad,Sector 43,28.4609554,77.3001795,7
312874,Faridabad,Sector 43,28.460556,77.2886873,7
18107870,Faridabad,Sector 43,28.4622059,77.2978395,7
18237362,Faridabad,Sector 43,28.46227858,77.30083365,7
18277177,Faridabad,Sector 43,28.46117,77.2847783,7
18472651,Faridabad,Sector 43,28.4621065,77.2988233,7
313076,Faridabad,Sector 43,28.46681111,77.29056667,7
18380159,Faridabad,Sector 43,28.4601453,77.2845595,7
18377907,Faridabad,Sector 43,28.4614258,77.2999207,7
18292444,Faridabad,Sector 43,28.46210674,77.29738433,7
307084,Faridabad,Sector 46,28.4376977,77.2983871,2
305618,Faridabad,Sector 46,28.4375489,77.2983353,2
307803,Faridabad,Sector 46,28.4370903,77.2984265,2
18419654,Faridabad,Sector 46,28.4375707,77.2990075,2
18471285,Faridabad,Sector 49,28.3959758,77.2670505,-1
313040,Faridabad,Sector 7,28.363238,77.3239171,5
17982346,Faridabad,Sector 7,28.3632142,77.3241415,5
18204501,Faridabad,Sector 7,28.3638989,77.3259973,5
1823,Faridabad,Sector 7,28.3691677,77.3282696,5
6143,Faridabad,Sector 7,28.36942587,77.32705828,5
8297,Faridabad,Sector 7,28.3633036,77.3264093,5
8318,Faridabad,Sector 7,28.3633487,77.3260374,5
18458631,Faridabad,Sector 7,28.3686544,77.3285388,5
18382355,Faridabad,Sector 7,28.3630576,77.3262953,5
312842,Faridabad,Sector 86,28.4087438,77.3396661,6
312084,Faridabad,Sector 86,28.40775168,77.33637929,6
18247033,Faridabad,Sector 86,28.4086778,77.3364513,6
18126118,Faridabad,Sector 86,28.4085728,77.3397558,6
18429393,Faridabad,Sector 86,28.41226833,77.34231301,6
18241905,Faridabad,Sector 86,28.4081056,77.3409272,6
18425750,Faridabad,Sector 86,28.4102194,77.336292,6
18261694,Faridabad,Sector 86,28.4098256,77.3372048,6
18365998,Faridabad,Sector 86,28.4080574,77.33666,6
18273572,Faridabad,Sector 86,28.4080719,77.3409826,6
18363078,Faridabad,Sector 86,28.4067402,77.3423218,6
18356019,Faridabad,Sector 9,28.3765371,77.3315619,5
18381668,Faridabad,Sector 9,28.3764571,77.3328117,5
18287397,Faridabad,Sector 9,28.3763294,77.3299747,5
18471304,Faridabad,"SRS Mall, Sector 12, Faridabad",28.3865773,77.3167822,3
8026,Faridabad,Suraj Kund,28.4997177,77.2899232,1
18265697,Faridabad,Suraj Kund,28.49820594,77.29385857,1
307151,Faridabad,Suraj Kund,28.4982147,77.2937593,1
18107844,Faridabad,Suraj Kund,28.5000937,77.2903929,1
18337896,Faridabad,Suraj Kund,28.50064,77.2903,1
18261699,Faridabad,Suraj Kund,28.4727738,77.2869976,7
18306531,Faridabad,Suraj Kund,28.49916279,77.2896526,1
303571,Faridabad,Suraj Kund,28.4992231,77.2930411,1
8099,Faridabad,Suraj Kund,28.5002348,77.2902208,1
8037,Faridabad,Suraj Kund,28.4938048,77.2940734,1
18471308,Faridabad,Suraj Kund,28.4989698,77.2921516,1
18471318,Faridabad,Suraj Kund,28.4990357,77.2918806,1
18471320,Faridabad,Suraj Kund,28.4609284,77.2846781,7
18460293,Faridabad,Suraj Kund,28.4609545,77.2847168,7
18446418,Faridabad,Suraj Kund,28.462227,77.2997286,7
9496,Faridabad,Suraj Kund,28.49710833,77.29654722,1
312967,Faridabad,Suraj Kund,28.4997138,77.2899124,1
18449815,Faridabad,Suraj Kund,28.489496,77.290565,1
2680,Faridabad,"The Atrium, Suraj Kund",28.489796,77.283011,1
2679,Faridabad,"The Atrium, Suraj Kund",28.489796,77.283011,1
8417,Faridabad,"Vibe by The LaLit Traveller, Mathura Road",28.4729124,77.3060732,1
309757,Ghaziabad,Indirapuram,28.63601389,77.37444167,8
307903,Ghaziabad,Indirapuram,28.63602222,77.37419167,8
313502,Ghaziabad,Indirapuram,28.635083,77.369326,8
18409175,Ghaziabad,Indirapuram,28.637449,77.378751,8
18456342,Ghaziabad,Indirapuram,28.63823809,77.31548297,8
18244229,Ghaziabad,Kaushambi,28.6411332,77.31069862,8
300713,Ghaziabad,"Shipra Mall, Indirapuram",28.63423199,77.36989718,8
8623,Ghaziabad,"Shipra Mall, Indirapuram",28.63404167,77.37024722,8
1318,Ghaziabad,"Shipra Mall, Indirapuram",28.63392778,77.3704,8
311523,Ghaziabad,"Shipra Mall, Indirapuram",28.63388299,77.36986466,8
8590,Ghaziabad,"Shipra Mall, Indirapuram",28.63404722,77.37020833,8
8583,Ghaziabad,"Shipra Mall, Indirapuram",28.63388299,77.36986466,8
300756,Ghaziabad,"Shipra Mall, Indirapuram",28.63412753,77.36972552,8
4239,Ghaziabad,"Shipra Mall, Indirapuram",28.634123,77.370576,8
18168161,Ghaziabad,"Shipra Mall, Indirapuram",28.63407809,77.36981537,8
18381223,Ghaziabad,"Shipra Mall, Indirapuram",28.63378764,77.36972786,8
18034077,Ghaziabad,"Shipra Mall, Indirapuram",28.63383826,77.36959241,8
3824,Ghaziabad,"Shipra Mall, Indirapuram",28.63421758,77.36971814,8
2572,Ghaziabad,"Shipra Mall, Indirapuram",28.63401924,77.37036925,8
8595,Ghaziabad,"Shipra Mall, Indirapuram",28.63431586,77.36987706,8
309702,Ghaziabad,"Shipra Mall, Indirapuram",28.634175,77.37019444,8
8601,Ghaziabad,"Shipra Mall, Indirapuram",28.6339389,77.37023715,8
1683,Ghaziabad,"Shipra Mall, Indirapuram",28.63397039,77.37016473,8
301670,Ghaziabad,Surya Nagar,28.6698582,77.3252184,8
17953902,Ghaziabad,Surya Nagar,28.6644658,77.3231543,8
130409,Goa,Anjuna,15.57668259,73.75574991,-1
130275,Goa,Anjuna,15.58565833,73.74360556,-1
130332,Goa,Anjuna,15.57482778,73.76688333,-1
130230,Goa,"Anjuna Beach, Anjuna",15.5696,73.74229444,-1
16512186,Goa,Baga,15.56155,73.74909167,-1
16512333,Goa,Baga,15.56129549,73.74947806,-1
16512336,Goa,Baga,15.55656111,73.76363333,-1
16519168,Goa,Betalbatim,15.30389722,73.91433611,-1
130021,Goa,Calangute,15.54659444,73.76043056,-1
130567,Goa,"Calangute Beach, Calangute",15.54441944,73.75573611,-1
130008,Goa,Candolim,15.51683333,73.76817222,-1
16519267,Goa,Candolim,15.5062047,73.7666682,-1
130535,Goa,Cavelossim,15.15794444,73.95088889,-1
130699,Goa,Nerul,15.51315,73.7834595,-1
16512168,Goa,Panaji,15.49860278,73.82691111,-1
130888,Goa,Panaji,15.496162,73.825364,-1
16519231,Goa,Panaji,15.49395,73.827423,-1
18396451,Gurgaon," ILD Trade Centre Mall, Sohna Road",28.4248315,77.0393103,9
18237941,Gurgaon," ILD Trade Centre Mall, Sohna Road",28.4249125,77.0392204,9
2787,Gurgaon,"Ambience Mall, Gurgaon",28.5030769,77.0971178,10
3431,Gurgaon,"Ambience Mall, Gurgaon",28.5026128,77.0971853,10
303699,Gurgaon,"Ansal Plaza Mall, Palam Vihar",28.5114162,77.0420091,10
5915,Gurgaon,"Ansal Plaza Mall, Palam Vihar",28.5114567,77.0419641,10
7076,Gurgaon,"Ansal Plaza Mall, Palam Vihar",28.5115059,77.0420091,10
311866,Gurgaon,"Ansal Plaza Mall, Palam Vihar",28.5114067,77.0418253,10
300439,Gurgaon,Ardee City,28.44070881,77.08785083,10
18458334,Gurgaon,Ardee City,28.4423933,77.0855313,10
18353710,Gurgaon,Ardee City,28.4418793,77.0757671,10
18291229,Gurgaon,Ardee City,28.4347278,77.0787681,10
18398616,Gurgaon,Ardee City,28.4308575,77.0898569,10
18430561,Gurgaon,Ardee City,28.432548,77.0780576,10
18445248,Gurgaon,Ardee City,28.440599,77.078405,10
18313132,Gurgaon,Ardee City,28.4319102,77.0735119,10
18433874,Gurgaon,Ardee City,28.436274,77.0738947,10
18291231,Gurgaon,Ardee City,28.4346864,77.0787448,10
18352271,Gurgaon,Ardee City,28.4406523,77.081492,10
18291233,Gurgaon,Ardee City,28.4353217,77.0762723,10
18441809,Gurgaon,Ardee City,28.4370922,77.0728193,10
18349508,Gurgaon,Ardee City,28.4371161,77.0728605,10
18217127,Gurgaon,Ardee City,28.4394519,77.0754948,10
18471335,Gurgaon,Ardee City,28.430634,77.0837565,10
18429842,Gurgaon,Ardee City,28.4419493,77.0756612,10
5904,Gurgaon,"Best Western Skycity Hotel, Sector 15, Gurgaon",28.4580879,77.0347151,10
5876,Gurgaon,"Best Western Skycity Hotel, Sector 15, Gurgaon",28.4582412,77.0349627,10
872,Gurgaon,"Central Arcade, DLF Phase 2, Gurgaon",28.4807592,77.0857204,10
18365849,Gurgaon,"Central Plaza Mall, Golf Course Road",28.4434069,77.1006623,10
227,Gurgaon,"Central Plaza Mall, Golf Course Road",28.4428671,77.1010066,10
3446,Gurgaon,"Central Plaza Mall, Golf Course Road",28.4430378,77.1009167,10
300100,Gurgaon,"Central Plaza Mall, Golf Course Road",28.4431102,77.1007369,10
8597,Gurgaon,"Central Plaza Mall, Golf Course Road",28.4426964,77.1010965,10
3449,Gurgaon,"Central Plaza Mall, Golf Course Road",28.4430378,77.1009167,10
303749,Gurgaon,"Central Plaza Mall, Golf Course Road",28.4429395,77.1008268,10
18349898,Gurgaon,"Central Plaza Mall, Golf Course Road",28.442717,77.1009883,10
18349892,Gurgaon,"Central Plaza Mall, Golf Course Road",28.443403,77.1005772,10
18425752,Gurgaon,"Central Plaza Mall, Golf Course Road",28.4431891,77.1007871,10
7507,Gurgaon,"Country Inn & Suites by Carlson, Gurgaon",28.4619878,77.0676442,10
300490,Gurgaon,"Country Inn & Suites by Carlson, Sector 12",28.468336,77.0376911,10
300488,Gurgaon,"Country Inn & Suites by Carlson, Sector 12",28.4684343,77.037781,10
18306521,Gurgaon,"Country Inn & Suites By Carlson, Udyog Vihar",28.5092246,77.0918351,10
309090,Gurgaon,"Country Inn & Suites, Sohna Road",28.3349418,77.0684986,-1
18441709,Gurgaon,"Courtyard by Marriott, Sushant Lok",28.460925,77.080367,10
18441707,Gurgaon,"Courtyard by Marriott, Sushant Lok",28.460925,77.080367,10
304832,Gurgaon,"Cross Point Mall, DLF Phase 4",28.46836827,77.0835375,10
311297,Gurgaon,"Cross Point Mall, DLF Phase 4",28.4683741,77.0832475,10
303858,Gurgaon,"Cross Point Mall, DLF Phase 4",28.4683973,77.0830226,10
302288,Gurgaon,"Cross Point Mall, DLF Phase 4",28.46844136,77.08390966,10
18233573,Gurgaon,"Cross Point Mall, DLF Phase 4",28.4681716,77.0834723,10
309015,Gurgaon,"Cross Point Mall, DLF Phase 4",28.4682267,77.0831126,10
18382344,Gurgaon,"Cross Point Mall, DLF Phase 4",28.4681975,77.0837421,10
18254537,Gurgaon,"Cross Point Mall, DLF Phase 4",28.468314,77.083048,10
4358,Gurgaon,"Crowne Plaza, Sector 29",28.4684326,77.0600891,10
2443,Gurgaon,"Crowne Plaza, Sector 29",28.4684152,77.0599093,10
270,Gurgaon,"Cyber Greens, DLF Cyber City",28.4937229,77.0928243,10
309252,Gurgaon,"Cyber Hub, DLF Cyber City",28.4947571,77.0882416,10
18303709,Gurgaon,"Cyber Hub, DLF Cyber City",28.4946295,77.0887329,10
18409224,Gurgaon,"Cyber Hub, DLF Cyber City",28.4950691,77.0886429,10
18277179,Gurgaon,"Cyber Hub, DLF Cyber City",28.4950762,77.0885987,10
308570,Gurgaon,"Cyber Hub, DLF Cyber City",28.4955391,77.0889781,10
308263,Gurgaon,"Cyber Hub, DLF Cyber City",28.494832,77.088508,10
306133,Gurgaon,"Cyber Hub, DLF Cyber City",28.4952975,77.0886879,10
306142,Gurgaon,"Cyber Hub, DLF Cyber City",28.4952251,77.0888677,10
308609,Gurgaon,"Cyber Hub, DLF Cyber City",28.4953148,77.0888677,10
18383453,Gurgaon,"Cyber Hub, DLF Cyber City",28.495763,77.0888677,10
305478,Gurgaon,"Cyber Hub, DLF Cyber City",28.4951674,77.0887329,10
308357,Gurgaon,"Cyber Hub, DLF Cyber City",28.4947742,77.0883732,10
306128,Gurgaon,"Cyber Hub, DLF Cyber City",28.4951096,77.088598,10
308020,Gurgaon,"Cyber Hub, DLF Cyber City",28.4952079,77.0886879,10
309883,Gurgaon,"Cyber Hub, DLF Cyber City",28.4951096,77.088598,10
306132,Gurgaon,"Cyber Hub, DLF Cyber City",28.4952079,77.0886879,10
306956,Gurgaon,"Cyber Hub, DLF Cyber City",28.4945922,77.0878786,10
305862,Gurgaon,"Cyber Hub, DLF Cyber City",28.4950691,77.0886429,10
307309,Gurgaon,"Cyber Hub, DLF Cyber City",28.4953121,77.0883732,10
306131,Gurgaon,"Cyber Hub, DLF Cyber City",28.4952079,77.0886879,10
306127,Gurgaon,"Cyber Hub, DLF Cyber City",28.4953871,77.0886879,10
313149,Gurgaon,"Cyber Hub, DLF Cyber City",28.4950054,77.0889127,10
306001,Gurgaon,"Cyber Hub, DLF Cyber City",28.4956457,77.0891982,10
308016,Gurgaon,"Cyber Hub, DLF Cyber City",28.4948147,77.0883282,10
18336509,Gurgaon,"Cyber Hub, DLF Cyber City",28.4942639,77.0883113,10
18336176,Gurgaon,"Cyber Hub, DLF Cyber City",28.4949476,77.0887778,10
18383472,Gurgaon,"Cyber Hub, DLF Cyber City",28.4947597,77.0886879,10
18292448,Gurgaon,"Cyber Hub, DLF Cyber City",28.4949162,77.0875189,10
306134,Gurgaon,"Cyber Hub, DLF Cyber City",28.4962285,77.0890476,10
306946,Gurgaon,"Cyber Hub, DLF Cyber City",28.4952079,77.0886879,10
18289242,Gurgaon,"Cyber Hub, DLF Cyber City",28.4939356,77.088508,10
18277030,Gurgaon,"Cyber Hub, DLF Cyber City",28.49427139,77.08856095,10
306153,Gurgaon,"Cyber Hub, DLF Cyber City",28.4953871,77.0886879,10
308022,Gurgaon,"Cyber Hub, DLF Cyber City",28.4952079,77.0886879,10
305905,Gurgaon,"Cyber Hub, DLF Cyber City",28.4949217,77.088508,10
18245277,Gurgaon,"Cyber Hub, DLF Cyber City",28.494089,77.0882383,10
305670,Gurgaon,"Cyber Hub, DLF Cyber City",28.4951096,77.088598,10
305815,Gurgaon,"Cyber Hub, DLF Cyber City",28.4954941,77.0888677,10
18208920,Gurgaon,"Cyber Hub, DLF Cyber City",28.4944224,77.0880651,10
306046,Gurgaon,"Cyber Hub, DLF Cyber City",28.494832,77.088508,10
18381226,Gurgaon,"Cyber Hub, DLF Cyber City",28.4940704,77.0884689,10
4992,Gurgaon,DLF Cyber City,28.4877882,77.0933407,10
300749,Gurgaon,DLF Cyber City,28.4897992,77.0921049,10
278,Gurgaon,DLF Cyber City,28.4942482,77.0875639,10
225,Gurgaon,DLF Cyber City,28.4945253,77.0890476,10
18337929,Gurgaon,DLF Cyber City,28.4940166,77.0884181,10
5960,Gurgaon,"DLF Galleria, DLF Phase 4",28.4671541,77.0822133,10
1664,Gurgaon,"DLF Galleria, DLF Phase 4",28.4672902,77.0817637,10
157,Gurgaon,"DLF Galleria, DLF Phase 4",28.4676142,77.0814039,10
18235155,Gurgaon,"DLF Galleria, DLF Phase 4",28.4672524,77.0823032,10
310211,Gurgaon,"DLF Galleria, DLF Phase 4",28.4670558,77.0821234,10
3346,Gurgaon,"DLF Galleria, DLF Phase 4",28.4673798,77.0817637,10
310854,Gurgaon,"DLF Galleria, DLF Phase 4",28.4674317,77.0823032,10
18247015,Gurgaon,"DLF Galleria, DLF Phase 4",28.4674661,77.0818119,10
309387,Gurgaon,"DLF Galleria, DLF Phase 4",28.467504,77.0821234,10
7418,Gurgaon,"DLF Galleria, DLF Phase 4",28.4671309,77.0824381,10
1455,Gurgaon,"DLF Galleria, DLF Phase 4",28.4670676,77.081314,10
18241867,Gurgaon,"DLF Galleria, DLF Phase 4",28.4675073,77.0812241,10
308889,Gurgaon,"DLF Galleria, DLF Phase 4",28.4671282,77.0819435,10
4620,Gurgaon,"DLF Galleria, DLF Phase 4",28.4671487,77.0812241,10
18322666,Gurgaon,"DLF Galleria, DLF Phase 4",28.4674868,77.0819435,10
311718,Gurgaon,"DLF Galleria, DLF Phase 4",28.4674317,77.0823032,10
18255106,Gurgaon,"DLF Galleria, DLF Phase 4",28.4675073,77.0812241,10
4876,Gurgaon,"DLF Mega Mall, DLF Phase 1",28.47582155,77.09313545,10
631,Gurgaon,"DLF Mega Mall, DLF Phase 1",28.47548941,77.09359512,10
226,Gurgaon,"DLF Mega Mall, DLF Phase 1",28.47577587,77.09308315,10
8805,Gurgaon,"DLF Mega Mall, DLF Phase 1",28.47573225,77.09323503,10
3540,Gurgaon,"DLF Mega Mall, DLF Phase 1",28.47586163,77.09302582,10
311579,Gurgaon,"DLF Mega Mall, DLF Phase 1",28.47574493,77.09312875,10
303709,Gurgaon,"DLF Mega Mall, DLF Phase 1",28.47626303,77.09333964,10
18391156,Gurgaon,"DLF Mega Mall, DLF Phase 1",28.47581065,77.09336612,10
301319,Gurgaon,"DLF Mega Mall, DLF Phase 1",28.4759094,77.093094,10
158,Gurgaon,"DLF Mega Mall, DLF Phase 1",28.47568922,77.09308684,10
1360,Gurgaon,"DLF Mega Mall, DLF Phase 1",28.4756627,77.09311534,10
310737,Gurgaon,"DLF Mega Mall, DLF Phase 1",28.4761926,77.09335439,10
4762,Gurgaon,"DLF Mega Mall, DLF Phase 1",28.47567184,77.09319044,10
311736,Gurgaon,"DLF Mega Mall, DLF Phase 1",28.4757632,77.0930171,10
311116,Gurgaon,"DLF Mega Mall, DLF Phase 1",28.47650794,77.09351432,10
3483,Gurgaon,DLF Phase 1,28.4778552,77.1002873,10
18308025,Gurgaon,DLF Phase 1,28.4693415,77.0993882,10
307272,Gurgaon,DLF Phase 1,28.4726847,77.0935886,10
18025115,Gurgaon,DLF Phase 1,28.4660588,77.0997478,10
18454285,Gurgaon,DLF Phase 1,28.4733215,77.0922847,10
1687,Gurgaon,DLF Phase 1,28.4733301,77.0923747,10
308605,Gurgaon,DLF Phase 1,28.46121389,77.07935278,10
18422652,Gurgaon,DLF Phase 1,28.4661053,77.0992983,10
18131568,Gurgaon,DLF Phase 1,28.471636,77.0984902,10
18034048,Gurgaon,DLF Phase 1,28.4693415,77.0993882,10
18138457,Gurgaon,DLF Phase 1,28.481301,77.092856,10
313272,Gurgaon,DLF Phase 1,28.48187686,77.0948286,10
9778,Gurgaon,DLF Phase 1,28.4657898,77.0997478,10
312523,Gurgaon,DLF Phase 1,28.4679828,77.0983092,10
18424575,Gurgaon,DLF Phase 1,28.477689,77.074163,10
18204463,Gurgaon,DLF Phase 1,28.4803156,77.0923421,10
307627,Gurgaon,DLF Phase 1,28.4778418,77.1003687,10
301302,Gurgaon,DLF Phase 1,28.4733215,77.0922847,10
312995,Gurgaon,DLF Phase 1,28.4780345,77.1002873,10
308577,Gurgaon,DLF Phase 1,28.4660588,77.0997478,10
313376,Gurgaon,DLF Phase 1,28.4778552,77.1002873,10
312536,Gurgaon,DLF Phase 1,28.4694359,77.0957016,10
310385,Gurgaon,DLF Phase 1,28.4778638,77.1003772,10
18464003,Gurgaon,DLF Phase 1,28.47773187,77.10031841,10
18349915,Gurgaon,DLF Phase 1,28.47580623,77.09313076,10
18299228,Gurgaon,DLF Phase 1,28.47,77.1,10
18034074,Gurgaon,DLF Phase 1,28.4661923,77.0988037,10
311080,Gurgaon,DLF Phase 2,28.4827659,77.0860801,10
18462603,Gurgaon,DLF Phase 2,28.4828445,77.0860056,10
18472765,Gurgaon,DLF Phase 2,28.48211622,77.08986362,10
18361580,Gurgaon,DLF Phase 2,28.4840963,77.0826144,10
18417487,Gurgaon,DLF Phase 2,28.490311,77.0843715,10
18462605,Gurgaon,DLF Phase 2,28.4823177,77.0860801,10
18462609,Gurgaon,DLF Phase 2,28.4904966,77.082573,10
3565,Gurgaon,DLF Phase 3,28.4899921,77.0942076,10
18367364,Gurgaon,DLF Phase 3,28.486136,77.1034343,10
1028,Gurgaon,DLF Phase 3,28.4912907,77.0936335,10
308673,Gurgaon,DLF Phase 3,28.4934335,77.0935436,10
18383473,Gurgaon,DLF Phase 3,28.4948958,77.0957016,10
18444416,Gurgaon,DLF Phase 3,28.48826511,77.09530905,10
18161609,Gurgaon,DLF Phase 3,28.49457813,77.09327124,10
611,Gurgaon,DLF Phase 3,28.49034965,77.09158514,10
18322677,Gurgaon,DLF Phase 3,28.4947415,77.0998522,10
18204847,Gurgaon,DLF Phase 3,28.4874747,77.1038389,10
308044,Gurgaon,DLF Phase 3,28.4874309,77.1047829,10
18294819,Gurgaon,DLF Phase 3,28.4902409,77.0939033,10
309697,Gurgaon,DLF Phase 3,28.487654,77.1038389,10
18444353,Gurgaon,DLF Phase 3,28.4923373,77.094263,10
304185,Gurgaon,DLF Phase 3,28.48750366,77.10263249,10
18383489,Gurgaon,DLF Phase 3,28.4931181,77.0939932,10
312022,Gurgaon,DLF Phase 3,28.4911611,77.0922847,10
18425765,Gurgaon,DLF Phase 3,28.4906544,77.0930322,10
2827,Gurgaon,DLF Phase 3,28.4897671,77.0951644,10
18223957,Gurgaon,DLF Phase 3,28.4938093,77.0937234,10
300074,Gurgaon,DLF Phase 3,28.4935145,77.0934537,10
305096,Gurgaon,DLF Phase 3,28.49147,77.0936335,10
18336206,Gurgaon,DLF Phase 3,28.4917895,77.093679,10
303094,Gurgaon,DLF Phase 3,28.4933028,77.0949823,10
306858,Gurgaon,DLF Phase 3,28.4911838,77.0934537,10
312562,Gurgaon,DLF Phase 3,28.49332817,77.09503077,10
307935,Gurgaon,DLF Phase 3,28.4907443,77.092692,10
302184,Gurgaon,DLF Phase 3,28.4949836,77.0952332,10
1694,Gurgaon,DLF Phase 3,28.4899703,77.0947642,10
309541,Gurgaon,DLF Phase 3,28.4846488,77.0962564,10
18161587,Gurgaon,DLF Phase 3,28.4872602,77.1048728,10
18258475,Gurgaon,DLF Phase 3,28.487522,77.1046906,10
313209,Gurgaon,DLF Phase 3,28.4934594,77.0938134,10
302229,Gurgaon,DLF Phase 3,28.4921002,77.0941281,10
18441196,Gurgaon,DLF Phase 3,28.4899428,77.0945327,10
18398610,Gurgaon,DLF Phase 3,28.4911924,77.0935436,10
18237322,Gurgaon,DLF Phase 3,28.4931646,77.0935436,10
309696,Gurgaon,DLF Phase 3,28.4928519,77.0944877,10
18357544,Gurgaon,DLF Phase 3,28.4942093,77.0994974,10
18431563,Gurgaon,DLF Phase 3,28.4936446,77.0934087,10
18337747,Gurgaon,DLF Phase 3,28.4932941,77.0948924,10
18258477,Gurgaon,DLF Phase 3,28.4930484,77.0946676,10
18396189,Gurgaon,DLF Phase 3,28.4934335,77.0935436,10
6915,Gurgaon,DLF Phase 3,28.4900962,77.094263,10
18233576,Gurgaon,DLF Phase 3,28.4931115,77.0940363,10
18256890,Gurgaon,DLF Phase 3,28.49330872,77.093805,10
18384115,Gurgaon,DLF Phase 3,28.4872636,77.1039737,10
18352208,Gurgaon,DLF Phase 3,28.49025712,77.09623341,10
4171,Gurgaon,DLF Phase 3,28.4923373,77.094263,10
18238279,Gurgaon,DLF Phase 3,28.4902409,77.0939033,10
18286517,Gurgaon,DLF Phase 3,28.4896545,77.0924646,10
575,Gurgaon,DLF Phase 3,28.4878161,77.103659,10
18280305,Gurgaon,DLF Phase 3,28.4922725,77.0943525,10
18359286,Gurgaon,DLF Phase 3,28.490666,77.094627,10
18450609,Gurgaon,DLF Phase 3,28.4934335,77.0935436,10
18237324,Gurgaon,DLF Phase 3,28.4937283,77.0938134,10
18461214,Gurgaon,DLF Phase 3,28.49088743,77.09333796,10
18294226,Gurgaon,DLF Phase 3,28.4879232,77.1036643,10
18383513,Gurgaon,DLF Phase 3,28.4957118,77.1021761,10
18372311,Gurgaon,DLF Phase 3,28.492698,77.094031,10
4172,Gurgaon,DLF Phase 3,28.492384,77.0943256,10
310525,Gurgaon,DLF Phase 3,28.4923373,77.094263,10
300054,Gurgaon,DLF Phase 3,28.4924355,77.0943529,10
301278,Gurgaon,DLF Phase 3,28.4914786,77.0937234,10
18451182,Gurgaon,DLF Phase 3,28.489834,77.09321138,10
18384142,Gurgaon,DLF Phase 3,28.4871499,77.1049154,10
18241498,Gurgaon,DLF Phase 3,28.4904461,77.094173,10
18265384,Gurgaon,DLF Phase 3,28.49488428,77.08978873,10
311494,Gurgaon,DLF Phase 4,28.4681035,77.087429,10
7078,Gurgaon,DLF Phase 4,28.4739245,77.0715115,10
307185,Gurgaon,DLF Phase 4,28.4700182,77.0858383,10
18371404,Gurgaon,DLF Phase 4,28.4666333,77.0813069,10
18281982,Gurgaon,DLF Phase 4,28.4614757,77.0888382,10
311725,Gurgaon,DLF Phase 4,28.46970311,77.08591864,10
18365994,Gurgaon,DLF Phase 4,28.4626173,77.0872491,10
18254524,Gurgaon,DLF Phase 4,28.4700505,77.0857654,10
18070480,Gurgaon,DLF Phase 4,28.46978122,77.08598737,10
312261,Gurgaon,DLF Phase 4,28.461408,77.0881933,10
18433890,Gurgaon,DLF Phase 4,28.4614598,77.0887329,10
18138434,Gurgaon,DLF Phase 4,28.4616192,77.0880584,10
303100,Gurgaon,DLF Phase 4,28.4617002,77.0879685,10
18025125,Gurgaon,DLF Phase 4,28.4834181,77.0966008,10
18425140,Gurgaon,DLF Phase 4,28.46624793,77.08301514,10
18241497,Gurgaon,DLF Phase 4,28.4622589,77.0875226,10
18153541,Gurgaon,DLF Phase 4,28.4616072,77.0888677,10
18339049,Gurgaon,DLF Phase 4,28.4699579,77.0859584,10
18232093,Gurgaon,DLF Phase 4,28.46157,77.0880135,10
18361762,Gurgaon,DLF Phase 4,28.46147,77.088706,10
18025098,Gurgaon,DLF Phase 4,28.4623501,77.087295,10
18337913,Gurgaon,DLF Phase 5,28.4486392,77.0957635,10
18138446,Gurgaon,DLF Phase 5,28.4495295,77.0978116,10
18383447,Gurgaon,DLF Phase 5,28.4477214,77.0951664,10
18381262,Gurgaon,DLF Phase 5,28.4486422,77.0957435,10
18349894,Gurgaon,"DLF South Point Mall, Golf Course Road",28.447904,77.0992983,10
304552,Gurgaon,"DLF South Point Mall, Golf Course Road",28.4481471,77.0990285,10
4618,Gurgaon,"DLF South Point Mall, Golf Course Road",28.4476522,77.0994781,10
307366,Gurgaon,"DLF South Point Mall, Golf Course Road",28.4480747,77.0992084,10
18366026,Gurgaon,"DLF South Point Mall, Golf Course Road",28.4478212,77.09939003,10
9895,Gurgaon,"DLF South Point Mall, Golf Course Road",28.4480264,77.0992156,10
18453035,Gurgaon,"DLF South Point Mall, Golf Course Road",28.4479922,77.0990488,10
302455,Gurgaon,"DLF South Point Mall, Golf Course Road",28.4476522,77.0994781,10
308248,Gurgaon,"DLF South Point Mall, Golf Course Road",28.4482945,77.0991634,10
313047,Gurgaon,"DLF South Point Mall, Golf Course Road",28.448066,77.0991184,10
8241,Gurgaon,"DLF South Point Mall, Golf Course Road",28.448173,77.0992983,10
18341926,Gurgaon,"DLF South Point Mall, Golf Course Road",28.4481557,77.0991184,10
308023,Gurgaon,"DLF South Point Mall, Golf Course Road",28.4472358,77.0993432,10
311486,Gurgaon,"DLF South Point Mall, Golf Course Road",28.4477333,77.0993882,10
18138430,Gurgaon,"DLF South Point Mall, Golf Course Road",28.4476522,77.0994781,10
18361778,Gurgaon,"DLF Star Mall, Sector 30",28.4616176,77.0526236,10
9742,Gurgaon,"DLF Star Mall, Sector 30",28.4616552,77.0525451,10
7518,Gurgaon,"DoubleTree by Hilton, Sector 56",28.4221468,77.104693,10
7516,Gurgaon,"DoubleTree by Hilton, Sector 56",28.4221468,77.104693,10
3586,Gurgaon,"DT City Centre Mall, MG Road",28.4788581,77.0808644,10
313264,Gurgaon,"DT City Centre Mall, MG Road",28.4792485,77.0807295,10
311805,Gurgaon,"DT City Centre Mall, MG Road",28.4788089,77.0808194,10
308897,Gurgaon,"DT City Centre Mall, MG Road",28.479127,77.0808644,10
2825,Gurgaon,"DT City Centre Mall, MG Road",28.4788581,77.0808644,10
9674,Gurgaon,"DT City Centre Mall, MG Road",28.4787511,77.0806845,10
18276997,Gurgaon,"DT City Centre Mall, MG Road",28.47907544,77.08076142,10
18336180,Gurgaon,"DT Mega Mall, DLF Phase 1",28.4757509,77.0931234,10
311061,Gurgaon,"DT Mega Mall, DLF Phase 1",28.47571545,77.09314417,10
18312471,Gurgaon,"DT Mega Mall, DLF Phase 1",28.47579915,77.09307712,10
18378048,Gurgaon,"DT Mega Mall, DLF Phase 1",28.476268,77.093094,10
18462584,Gurgaon,"DT Mega Mall, DLF Phase 1",28.47565209,77.09335204,10
5019,Gurgaon,"Fortune Select Excalibur, Sohna Road",28.4164952,77.0411995,9
4719,Gurgaon,"Fortune Select Excalibur, Sohna Road",28.4164952,77.0411995,9
305400,Gurgaon,"Fortune Select Global, MG Road",28.4818475,77.1031649,10
309141,Gurgaon,"Global Foyer Mall, Golf Course Road",28.460459,77.0950645,10
302880,Gurgaon,"Global Foyer Mall, Golf Course Road",28.4603029,77.0948924,10
303960,Gurgaon,"Global Foyer Mall, Golf Course Road",28.460271,77.0950273,10
9773,Gurgaon,"Global Foyer Mall, Golf Course Road",28.460546,77.0946226,10
309125,Gurgaon,"Global Foyer Mall, Golf Course Road",28.4604087,77.0946989,10
18463965,Gurgaon,"Global Foyer Mall, Golf Course Road",28.4603115,77.0949823,10
18408054,Gurgaon,"Global Foyer Mall, Golf Course Road",28.4604444,77.0954319,10
2091,Gurgaon,Golf Course Road,28.4543812,77.0971853,10
305790,Gurgaon,Golf Course Road,28.43230959,77.08932303,10
3445,Gurgaon,Golf Course Road,28.4494782,77.0979495,10
312111,Gurgaon,Golf Course Road,28.4499246,77.0986339,10
2475,Gurgaon,Golf Course Road,28.4667953,77.0941432,10
18361772,Gurgaon,Golf Course Road,28.4372372,77.1042874,10
308553,Gurgaon,Golf Course Road,28.4369224,77.0975132,10
307043,Gurgaon,Golf Course Road,28.4324764,77.1047562,10
307304,Gurgaon,Golf Course Road,28.4370522,77.0974101,10
18427868,Gurgaon,Golf Course Road,28.441123,77.102108,10
2148,Gurgaon,Golf Course Road,28.4400925,77.1019957,10
18450874,Gurgaon,Golf Course Road,28.4393747,77.1039229,10
18408063,Gurgaon,Golf Course Road,28.434018,77.1042012,10
18393697,Gurgaon,Golf Course Road,28.4396385,77.1032552,10
8931,Gurgaon,Golf Course Road,28.43823059,77.09865443,10
306880,Gurgaon,Golf Course Road,28.4411247,77.1025313,10
18408031,Gurgaon,Golf Course Road,28.4372138,77.1004268,10
304897,Gurgaon,Golf Course Road,28.441297,77.10256,10
309136,Gurgaon,Golf Course Road,28.4461485,77.0987588,10
307580,Gurgaon,Golf Course Road,28.4549192,77.0971853,10
18430557,Gurgaon,Golf Course Road,28.4451163,77.1015446,10
18441771,Gurgaon,Golf Course Road,28.4218116,77.105038,10
18460311,Gurgaon,Golf Course Road,28.4545373,77.0974101,10
18161583,Gurgaon,Golf Course Road,28.4663219,77.0940831,10
18237346,Gurgaon,Golf Course Road,28.4247729,77.109638,10
311662,Gurgaon,Golf Course Road,28.43849033,77.10288294,10
18430602,Gurgaon,Golf Course Road,28.4604777,77.0956926,10
5172,Gurgaon,"Hong Kong Bazaar Mall, Sector 57, Gurgaon",28.4211432,77.0904863,10
6643,Gurgaon,"Hong Kong Bazaar Mall, Sector 57, Gurgaon",28.4210196,77.0906308,10
300978,Gurgaon,"Hong Kong Bazaar Mall, Sector 57, Gurgaon",28.4208742,77.0904863,10
311640,Gurgaon,"Hotel Clark Inn, Sector 15",28.4576098,77.033939,10
311629,Gurgaon,"Hotel Clark Inn, Sector 15",28.4576265,77.0338804,10
303430,Gurgaon,"Hotel Grenville, MG Road",28.4655997,77.0386607,10
303486,Gurgaon,"Hotel Grenville, MG Road",28.4655681,77.038546,10
309423,Gurgaon,"Hotel Haute.Monde, Sector 15",28.4553886,77.0382289,10
309421,Gurgaon,"Hotel Haute.Monde, Sector 15",28.4553962,77.0382176,10
308390,Gurgaon,"Huda City Centre Metro Station, Sector 29, Gurgaon",28.459424,77.0726806,10
308473,Gurgaon,"Huda City Centre Metro Station, Sector 29, Gurgaon",28.4594327,77.0727706,10
308997,Gurgaon,"Huda City Centre Metro Station, Sector 29, Gurgaon",28.45938349,77.07272552,10
308470,Gurgaon,"Huda City Centre Metro Station, Sector 29, Gurgaon",28.4594327,77.0727706,10
308477,Gurgaon,"Huda City Centre Metro Station, Sector 29, Gurgaon",28.4593835,77.0727256,10
307786,Gurgaon,"Huda City Centre Metro Station, Sector 29, Gurgaon",28.4588688,77.0725008,10
308447,Gurgaon,"Huda City Centre Metro Station, Sector 29, Gurgaon",28.459424,77.0726806,10
17977796,Gurgaon,Hyatt Place Gurgaon,28.5008981,77.065948,10
17977757,Gurgaon,Hyatt Place Gurgaon,28.5008454,77.0659784,10
4256,Gurgaon,"IBIS Hotel, Golf Course Road",28.4470228,77.0993934,10
18306548,Gurgaon,"JMD Megapolis Mall, Sohna Road",28.419985,77.038187,9
5032,Gurgaon,"JMD Regent Arcade Mall, MG Road",28.4797315,77.088553,10
7472,Gurgaon,"JMD Regent Arcade Mall, MG Road",28.4797893,77.0886879,10
302336,Gurgaon,"Jukaso It Suites, Sector 14",28.4725545,77.0536264,10
8413,Gurgaon,"Kingdom of Dreams, Sector 29",28.4679413,77.0679481,10
8437,Gurgaon,"Kingdom of Dreams, Sector 29",28.4684937,77.0683484,10
8019,Gurgaon,"Le Meridien Gurgaon, MG Road",28.4805868,77.1081995,10
307416,Gurgaon,"Le Meridien Gurgaon, MG Road",28.481264,77.1087266,10
18369743,Gurgaon,"Le Meridien Gurgaon, MG Road",28.4812481,77.1087258,10
307533,Gurgaon,"Leisure Inn, Sector 14, Gurgaon",28.4705263,77.0395172,10
307225,Gurgaon,"Leisure Inn, Sector 14, Gurgaon",28.4705061,77.0395353,10
307426,Gurgaon,"Leisure Inn, Sector 14, Gurgaon",28.4704989,77.0396702,10
6700,Gurgaon,"Lemon Tree Premier, Sector 29",28.4676295,77.0648668,10
300538,Gurgaon,MG Road,28.4734916,77.0809099,10
4879,Gurgaon,MG Road,28.4805404,77.1023726,10
18198441,Gurgaon,MG Road,28.4766191,77.0827529,10
18334445,Gurgaon,MG Road,28.4771042,77.085001,10
302920,Gurgaon,MG Road,28.4797836,77.0802349,10
18430882,Gurgaon,MG Road,28.476072,77.07619270000001,10
313204,Gurgaon,MG Road,28.47773187,77.10031841,10
303477,Gurgaon,MG Road,28.4761607,77.0828835,10
5230,Gurgaon,MG Road,28.479691,77.088598,10
3582,Gurgaon,MG Road,28.4776351,77.0731066,10
303470,Gurgaon,MG Road,28.4760986,77.0829327,10
429,Gurgaon,MG Road,28.4757777,77.0823932,10
18034040,Gurgaon,MG Road,28.4787425,77.0805946,10
17953932,Gurgaon,MG Road,28.4805094,77.0803248,10
312668,Gurgaon,MG Road,28.4796672,77.0902166,10
997,Gurgaon,MG Road,28.4800544,77.1020369,10
2144,Gurgaon,MG Road,28.4775699,77.0811126,10
305682,Gurgaon,MG Road,28.4806694,77.1026087,10
17953934,Gurgaon,MG Road,28.4800592,77.0820362,10
3855,Gurgaon,MG Road,28.4806041,77.1020768,10
310445,Gurgaon,MG Road,28.4821819,77.0963632,10
892,Gurgaon,MG Road,28.4757372,77.0824381,10
2056,Gurgaon,MG Road,28.477294,77.0692631,10
307509,Gurgaon,MG Road,28.4726847,77.0935886,10
797,Gurgaon,"MGF Mega City Mall, MG Road",28.4798584,77.0894073,10
308013,Gurgaon,"MGF Mega City Mall, MG Road",28.4798411,77.0892274,10
2760,Gurgaon,"MGF Mega City Mall, MG Road",28.4798031,77.0892792,10
8913,Gurgaon,"MGF Mega City Mall, MG Road",28.4799415,77.0893563,10
311759,Gurgaon,"MGF Metropolis Mall, MG Road",28.4785568,77.0823932,10
18446889,Gurgaon,"MGF Metropolis Mall, MG Road",28.4784876,77.0816737,10
9957,Gurgaon,"MGF Metropolis Mall, MG Road",28.479447,77.0818967,10
308840,Gurgaon,"MGF Metropolis Mall, MG Road",28.4792539,77.0817187,10
18432226,Gurgaon,"MGF Metropolis Mall, MG Road",28.478398,77.0816737,10
311777,Gurgaon,"MGF Metropolis Mall, MG Road",28.4791426,77.0818667,10
2064,Gurgaon,"MGF Metropolitan Mall, MG Road",28.4803301,77.0803248,10
311758,Gurgaon,"MGF Metropolitan Mall, MG Road",28.4802521,77.0802124,10
514,Gurgaon,"MGF Metropolitan Mall, MG Road",28.4809987,77.0800708,10
18408212,Gurgaon,"MGF Metropolitan Mall, MG Road",28.481108,77.0802574,10
2061,Gurgaon,"MGF Metropolitan Mall, MG Road",28.4806523,77.0802215,10
2458,Gurgaon,"MGF Metropolitan Mall, MG Road",28.4803729,77.0800417,10
420,Gurgaon,"MGF Metropolitan Mall, MG Road",28.4808348,77.0802124,10
1599,Gurgaon,"MGF Metropolitan Mall, MG Road",28.4803301,77.0803248,10
159,Gurgaon,"MGF Metropolitan Mall, MG Road",28.4804762,77.0802124,10
300119,Gurgaon,"MGF Metropolitan Mall, MG Road",28.4803207,77.0801851,10
18466924,Gurgaon,"MGF Metropolitan Mall, MG Road",28.48028198,77.08040039,10
18354984,Gurgaon,"MGF Metropolitan Mall, MG Road",28.4807697,77.0802349,10
1096,Gurgaon,"MGF Metropolitan Mall, MG Road",28.4807292,77.0802798,10
18336208,Gurgaon,"MGF Metropolitan Mall, MG Road",28.4807697,77.0802349,10
3213,Gurgaon,"MGF Metropolitan Mall, MG Road",28.4805322,77.0801711,10
18381642,Gurgaon,"MGF Metropolitan Mall, MG Road",28.4808594,77.0802349,10
338,Gurgaon,"MGF Metropolitan Mall, MG Road",28.4805204,77.0801226,10
1245,Gurgaon,"MGF Metropolitan Mall, MG Road",28.4810064,77.0801187,10
18381233,Gurgaon,"MGF Metropolitan Mall, MG Road",28.4802478,77.0801674,10
18153552,Gurgaon,"MGF Metropolitan Mall, MG Road",28.4808767,77.0803727,10
18082232,Gurgaon,"MGF Metropolitan Mall, MG Road",28.4803174,77.080144,10
3585,Gurgaon,"MGF Metropolitan Mall, MG Road",28.4811283,77.0802349,10
305698,Gurgaon,"MGF Metropolitan Mall, MG Road",28.4803866,77.0802124,10
18337917,Gurgaon,"MGF Metropolitan Mall, MG Road",28.4805091,77.0801793,10
6847,Gurgaon,"Ninex City Mart Mall, Sohna Road",28.4166832,77.0412894,9
8147,Gurgaon,"Ninex City Mart Mall, Sohna Road",28.4167026,77.0413756,9
18198825,Gurgaon,Old Railway Road,28.4669375,77.0204947,10
302044,Gurgaon,Old Railway Road,28.4841816,77.0129534,10
18399220,Gurgaon,Old Railway Road,28.4569872,77.026849,10
5084,Gurgaon,Old Railway Road,28.4667157,77.0206596,10
302024,Gurgaon,Old Railway Road,28.4667607,77.0203953,10
18396399,Gurgaon,Old Railway Road,28.4668549,77.0204174,10
309987,Gurgaon,Old Railway Road,28.4709408,77.0189174,10
18358183,Gurgaon,Old Railway Road,28.4653555,77.0196893,10
304713,Gurgaon,Old Railway Road,28.4603933,77.0178663,10
18396200,Gurgaon,Old Railway Road,28.4580309,77.0274904,10
301358,Gurgaon,Old Railway Road,28.4645876,77.022202,10
6834,Gurgaon,Old Railway Road,28.473084,77.0181934,10
6835,Gurgaon,Old Railway Road,28.4730183,77.0182331,10
302041,Gurgaon,Old Railway Road,28.4823394,77.0136942,10
310412,Gurgaon,Old Railway Road,28.4810609,77.0141435,10
18350120,Gurgaon,Old Railway Road,28.4678506,77.0166864,10
301989,Gurgaon,Old Railway Road,28.4674068,77.0175175,10
2107,Gurgaon,Old Railway Road,28.4713437,77.0193016,10
1029,Gurgaon,Old Railway Road,28.4670202,77.0136441,10
18144475,Gurgaon,Old Railway Road,28.4712555,77.0189082,10
18331053,Gurgaon,Old Railway Road,28.4667702,77.0204469,10
18383525,Gurgaon,Old Railway Road,28.4639996,77.0221359,10
1019,Gurgaon,Old Railway Road,28.4721483,77.0186408,10
18311926,Gurgaon,Old Railway Road,28.470213,77.0193636,10
302037,Gurgaon,Old Railway Road,28.4603566,77.0179074,10
18396397,Gurgaon,Old Railway Road,28.4626082,77.023212,10
302027,Gurgaon,Old Railway Road,28.4597556,77.0259078,10
306938,Gurgaon,Old Railway Road,28.4598188,77.0259899,10
17977759,Gurgaon,Old Railway Road,28.4570545,77.0200512,10
309986,Gurgaon,Old Railway Road,28.4669487,77.0191832,10
301800,Gurgaon,Old Railway Road,28.4609586,77.0247842,10
2177,Gurgaon,Old Railway Road,28.470938,77.0187625,10
304718,Gurgaon,Old Railway Road,28.467287,77.0175382,10
310493,Gurgaon,Old Railway Road,28.4667732,77.0203817,10
18017239,Gurgaon,Old Railway Road,28.4655014,77.0168909,10
18372397,Gurgaon,Old Railway Road,28.4652054,77.0157175,10
304700,Gurgaon,Old Railway Road,28.460487,77.0179026,10
18396391,Gurgaon,Old Railway Road,28.4579956,77.0277668,10
18370499,Gurgaon,Old Railway Road,28.4688983,77.0212272,10
18336543,Gurgaon,Old Railway Road,28.4681772,77.0161752,10
3603,Gurgaon,"Omaxe Celebration Mall, Sohna Road, Gurgaon",28.4109555,77.0432685,9
313043,Gurgaon,Omaxe Gurgaon Mall,28.4106951,77.0433584,9
230,Gurgaon,Omaxe Gurgaon Mall,28.4113952,77.0431785,9
18322641,Gurgaon,Omaxe Gurgaon Mall,28.4105331,77.0435383,9
18391155,Gurgaon,"One Horizon Center, Golf Course Road",28.45112282,77.09791951,10
18285742,Gurgaon,"One Horizon Center, Golf Course Road",28.4511301,77.0974101,10
18285725,Gurgaon,"One Horizon Center, Golf Course Road",28.4511301,77.0974101,10
18383488,Gurgaon,"One Horizon Center, Golf Course Road",28.4508352,77.0971403,10
18285745,Gurgaon,"One Horizon Center, Golf Course Road",28.4514834,77.0968183,10
18391159,Gurgaon,"One Horizon Center, Golf Course Road",28.4511473,77.0975899,10
18391132,Gurgaon,"One Horizon Center, Golf Course Road",28.4506618,77.0972691,10
18272387,Gurgaon,"One Horizon Center, Golf Course Road",28.45109776,77.09822863,10
8651,Gurgaon,Palam Vihar,28.5125527,77.0378999,10
18291436,Gurgaon,Palam Vihar,28.5145359,77.0352809,10
301936,Gurgaon,Palam Vihar,28.4939088,77.0203837,10
18264717,Gurgaon,Palam Vihar,28.496845,77.0210472,10
7083,Gurgaon,Palam Vihar,28.502947,77.030404,10
312105,Gurgaon,Palam Vihar,28.5037904,77.0362376,10
18311942,Gurgaon,Palam Vihar,28.5118498,77.0409296,10
18430874,Gurgaon,Palam Vihar,28.5216917,77.0436219,10
18264977,Gurgaon,Palam Vihar,28.5150103,77.0347314,10
303859,Gurgaon,Palam Vihar,28.4865257,77.0199219,10
5106,Gurgaon,Palam Vihar,28.5176801,77.0373642,10
308726,Gurgaon,Palam Vihar,28.5029296,77.0302241,10
303209,Gurgaon,Palam Vihar,28.5034359,77.0336712,10
18375401,Gurgaon,Palam Vihar,28.5125468,77.037902,10
18396428,Gurgaon,Palam Vihar,28.5119564,77.0394717,10
18396178,Gurgaon,Palam Vihar,28.5033789,77.0319416,10
18346735,Gurgaon,Palam Vihar,28.5089193,77.0308638,10
303697,Gurgaon,Palam Vihar,28.5145201,77.0351721,10
18463987,Gurgaon,Palam Vihar,28.4857718,77.0196076,10
18463989,Gurgaon,Palam Vihar,28.4859312,77.0198157,10
304771,Gurgaon,Palam Vihar,28.4859483,77.0197677,10
311850,Gurgaon,Palam Vihar,28.4921812,77.0093235,10
18471289,Gurgaon,Palam Vihar,28.5144976,77.024736,10
18324432,Gurgaon,Palam Vihar,28.497571,77.0225318,10
18350153,Gurgaon,Palam Vihar,28.49841367,77.02189766,10
18472669,Gurgaon,Palam Vihar,28.5142695,77.025184,10
18463993,Gurgaon,Palam Vihar,28.4959225,77.02152,10
18471248,Gurgaon,Palam Vihar,28.5118122,77.0252309,10
18464002,Gurgaon,Palam Vihar,28.5091367,77.0313937,10
18244261,Gurgaon,Palam Vihar,28.512055,77.0411995,10
18274332,Gurgaon,Palam Vihar,28.5125685,77.0378566,10
18460280,Gurgaon,Palam Vihar,28.52068371,77.04251687,10
18463994,Gurgaon,Palam Vihar,28.5019693,77.0283498,10
18449816,Gurgaon,Palam Vihar,28.4936502,77.01025,-1
309341,Gurgaon,Palam Vihar,28.4877231,77.0196062,10
18423904,Gurgaon,Palam Vihar,28.4946737,77.0203724,10
18462613,Gurgaon,Palam Vihar,28.51231235,77.0386974,10
18396180,Gurgaon,Palam Vihar,28.5033611,77.0358272,10
303865,Gurgaon,Palam Vihar,28.4860462,77.0194842,10
7096,Gurgaon,Palam Vihar,28.4875817,77.0197876,10
18463972,Gurgaon,Palam Vihar,28.5120868,77.0410645,10
18463996,Gurgaon,Palam Vihar,28.50913665,77.03139368,10
18463992,Gurgaon,Palam Vihar,28.4890966,77.0196976,10
18393708,Gurgaon,Palam Vihar,28.4968821,77.0219634,10
306037,Gurgaon,"Park Inn, Sector 15, Gurgaon",28.4590795,77.0318264,10
5720,Gurgaon,"Park Plaza, Sushant Lok",28.4592611,77.0756484,10
5721,Gurgaon,"Park Plaza, Sushant Lok",28.4592519,77.0757697,10
1670,Gurgaon,"Park Plaza, Sushant Lok",28.4592449,77.0757094,10
7573,Gurgaon,"Park Plaza, Sushant Lok",28.4592314,77.075722,10
3243,Gurgaon,"Plaza Mall, MG Road",28.4777065,77.0730853,10
305171,Gurgaon,"Qutab Plaza, DLF Phase 1",28.4722814,77.1019957,10
3536,Gurgaon,"Qutab Plaza, DLF Phase 1",28.4715146,77.1022778,10
6743,Gurgaon,"Qutab Plaza, DLF Phase 1",28.4718072,77.1017259,10
18458663,Gurgaon,"Qutab Plaza, DLF Phase 1",28.4720297,77.1021755,10
312269,Gurgaon,"Qutab Plaza, DLF Phase 1",28.4718823,77.1020406,10
308732,Gurgaon,"Qutab Plaza, DLF Phase 1",28.4725209,77.1018865,10
6747,Gurgaon,"Qutab Plaza, DLF Phase 1",28.4719659,77.1024452,10
6804,Gurgaon,"Qutab Plaza, DLF Phase 1",28.472128,77.1022654,10
301506,Gurgaon,"Qutab Plaza, DLF Phase 1",28.47211841,77.10254565,10
1284,Gurgaon,"Qutab Plaza, DLF Phase 1",28.4720383,77.1022654,10
1313,Gurgaon,"Qutab Plaza, DLF Phase 1",28.4715582,77.1024003,10
301737,Gurgaon,"Qutab Plaza, DLF Phase 1",28.4715383,77.1017259,10
18455518,Gurgaon,"Qutab Plaza, DLF Phase 1",28.4713676,77.1018159,10
18398606,Gurgaon,"Raheja Mall, Sohna Road",28.4237354,77.0392029,9
309030,Gurgaon,"Raheja Mall, Sohna Road",28.4234228,77.0395802,9
3909,Gurgaon,"Raheja Mall, Sohna Road",28.4234142,77.0394902,9
4290,Gurgaon,"Ramada Gurgaon Central, Sector 44",28.4497396,77.0706524,10
1452,Gurgaon,Sadar Bazar,28.4596657,77.0268394,10
303779,Gurgaon,Sadar Bazar,28.4623451,77.0313172,10
554,Gurgaon,"Sahara Mall, MG Road",28.4797958,77.0868894,10
3953,Gurgaon,"Sahara Mall, MG Road",28.4797207,77.0865747,10
18368009,Gurgaon,Sector 12,28.4636195,77.0324732,10
305242,Gurgaon,Sector 12,28.4637496,77.0324282,10
18419914,Gurgaon,Sector 12,28.4675057,77.0338596,10
303730,Gurgaon,Sector 14,28.4755199,77.0404135,10
18462214,Gurgaon,Sector 14,28.4706936,77.0441684,10
309272,Gurgaon,Sector 14,28.476036,77.0348123,10
18218304,Gurgaon,Sector 14,28.4735491,77.0483361,10
18252419,Gurgaon,Sector 14,28.4745207,77.0476105,10
606,Gurgaon,Sector 14,28.4775051,77.046327,10
18133490,Gurgaon,Sector 14,28.4703517,77.0204025,10
18291476,Gurgaon,Sector 14,28.4741041,77.0424008,10
2071,Gurgaon,Sector 14,28.4740266,77.0474607,10
18445653,Gurgaon,Sector 14,28.474015,77.0475174,10
303743,Gurgaon,Sector 14,28.48038451,77.04808339,10
300174,Gurgaon,Sector 14,28.4739949,77.0424589,10
6709,Gurgaon,Sector 14,28.4730599,77.048056,10
18070491,Gurgaon,Sector 14,28.4694139,77.0445066,10
302907,Gurgaon,Sector 14,28.4822008,77.0494753,10
889,Gurgaon,Sector 14,28.4754869,77.0439881,10
18337904,Gurgaon,Sector 14,28.4736495,77.0481041,10
18415355,Gurgaon,Sector 14,28.4740886,77.047405,10
853,Gurgaon,Sector 14,28.476629,77.0456073,10
2620,Gurgaon,Sector 14,28.4740911,77.0473507,10
310155,Gurgaon,Sector 14,28.4740845,77.0424589,10
5061,Gurgaon,Sector 14,28.4665409,77.0351491,10
18471259,Gurgaon,Sector 14,28.4728921,77.0482744,10
4122,Gurgaon,Sector 14,28.4736075,77.0484406,10
1140,Gurgaon,Sector 14,28.4703532,77.020392,10
1145,Gurgaon,Sector 14,28.4750589,77.0432685,10
887,Gurgaon,Sector 14,28.4702133,77.0394496,10
18461599,Gurgaon,Sector 14,28.4699753,77.0453042,10
18387990,Gurgaon,Sector 14,28.4749637,77.0474907,10
9169,Gurgaon,Sector 14,28.4768261,77.0349543,10
5129,Gurgaon,Sector 14,28.4751486,77.0432685,10
1131,Gurgaon,Sector 14,28.4751457,77.044168,10
303747,Gurgaon,Sector 14,28.4758641,77.0363305,10
329,Gurgaon,Sector 14,28.4764122,77.0445955,10
303765,Gurgaon,Sector 14,28.4758171,77.0347763,10
7225,Gurgaon,Sector 14,28.46715278,77.037225,10
18382626,Gurgaon,Sector 14,28.4783985,77.0462096,10
5068,Gurgaon,Sector 14,28.4743176,77.0475378,10
18500628,Gurgaon,Sector 14,28.4662742,77.0404798,10
18268726,Gurgaon,Sector 14,28.4771621,77.0351435,10
6913,Gurgaon,Sector 14,28.4786503,77.0349588,10
18398604,Gurgaon,Sector 14,28.4823461,77.0495364,10
300156,Gurgaon,Sector 14,28.4756545,77.0384802,10
18241516,Gurgaon,Sector 14,28.4762474,77.0444379,10
311166,Gurgaon,Sector 14,28.464266,77.0335214,10
18025110,Gurgaon,Sector 14,28.4738648,77.0476588,10
308223,Gurgaon,Sector 14,28.4758573,77.0376289,10
6832,Gurgaon,Sector 14,28.4785399,77.0338227,10
18286626,Gurgaon,Sector 15,28.4579792,77.0371148,10
311770,Gurgaon,Sector 15,28.4583117,77.0435543,10
301221,Gurgaon,Sector 15,28.4568511,77.033231,10
8833,Gurgaon,Sector 15,28.4588673,77.0344852,10
312438,Gurgaon,Sector 15,28.4555436,77.0380952,10
18153548,Gurgaon,Sector 15,28.4555152,77.0381307,10
18449792,Gurgaon,Sector 15,28.460253,77.041878,10
18380639,Gurgaon,Sector 15,28.4577727,77.0367474,10
17953920,Gurgaon,Sector 15,28.4544096,77.0390954,10
2154,Gurgaon,Sector 15,28.4584547,77.0435095,10
9646,Gurgaon,Sector 17,28.4950876,77.0609808,10
18451168,Gurgaon,Sector 17,28.4978576,77.0633149,10
18492042,Gurgaon,Sector 17,28.4906203,77.0671006,10
310632,Gurgaon,Sector 17,28.4890258,77.056052,10
18481290,Gurgaon,Sector 17,28.4777059,77.0580477,10
310515,Gurgaon,Sector 17,28.4780353,77.0610203,10
18449658,Gurgaon,Sector 17,28.4879806,77.057516,10
18396426,Gurgaon,Sector 17,28.4776466,77.0608014,10
18489522,Gurgaon,Sector 17,28.4978501,77.0633585,10
18444299,Gurgaon,Sector 17,28.4772163,77.0670595,10
18449785,Gurgaon,Sector 17,28.4756552,77.0616195,10
18449662,Gurgaon,Sector 17,28.4779663,77.0607991,10
304793,Gurgaon,Sector 17,28.4753834,77.0603242,10
302256,Gurgaon,Sector 17,28.488876,77.0558517,10
18312631,Gurgaon,Sector 17,28.4752695,77.0598733,10
18449666,Gurgaon,Sector 17,28.4783366,77.0605389,10
18396191,Gurgaon,Sector 17,28.4755709,77.0610258,10
302251,Gurgaon,Sector 21,28.5097704,77.0714215,10
18466943,Gurgaon,Sector 21,28.5094378,77.0716913,10
18238248,Gurgaon,Sector 21,28.5095911,77.0714215,10
18420426,Gurgaon,Sector 21,28.510128,77.0693827,10
18466973,Gurgaon,Sector 21,28.5100652,77.0716913,10
18372325,Gurgaon,Sector 21,28.5096025,77.0712645,10
18291458,Gurgaon,Sector 22,28.5029596,77.0644469,10
313477,Gurgaon,Sector 22,28.5029001,77.0622916,10
18312451,Gurgaon,Sector 22,28.5101456,77.0738509,10
18312606,Gurgaon,Sector 22,28.5035524,77.0689476,10
18144444,Gurgaon,Sector 22,28.5050072,77.0696558,10
18463956,Gurgaon,Sector 22,28.5035991,77.0691386,10
18365988,Gurgaon,Sector 23,28.5041335,77.0541384,10
18463970,Gurgaon,Sector 23,28.5041041,77.0535606,10
309867,Gurgaon,Sector 23,28.5029179,77.0646633,10
18412887,Gurgaon,Sector 23,28.5041074,77.0538414,10
18423107,Gurgaon,Sector 23,28.5041784,77.0540643,10
4121,Gurgaon,Sector 23,28.504122,77.0541569,10
305072,Gurgaon,Sector 23,28.5046578,77.051885,10
18421938,Gurgaon,Sector 23,28.500642,77.0537818,10
18481321,Gurgaon,Sector 23,28.5042056,77.054079,10
18489829,Gurgaon,Sector 23,28.5048386,77.0516126,10
18414487,Gurgaon,Sector 23,28.5042347,77.0540696,10
18449656,Gurgaon,Sector 23,28.5041169,77.0545497,10
313105,Gurgaon,Sector 29,28.4664277,77.0644064,10
300772,Gurgaon,Sector 29,28.4686372,77.0623603,10
836,Gurgaon,Sector 29,28.4680413,77.0644064,10
3606,Gurgaon,Sector 29,28.4681718,77.0629673,10
305996,Gurgaon,Sector 29,28.4686577,77.0624277,10
18418247,Gurgaon,Sector 29,28.4679257,77.0641366,10
18365987,Gurgaon,Sector 29,28.4682268,77.0626075,10
18337894,Gurgaon,Sector 29,28.4691662,77.0633573,10
4398,Gurgaon,Sector 29,28.4681891,77.0631472,10
18336483,Gurgaon,Sector 29,28.468337,77.063143,10
496,Gurgaon,Sector 29,28.4686806,77.0635969,10
4133,Gurgaon,Sector 29,28.4682354,77.0626975,10
5065,Gurgaon,Sector 29,28.4682247,77.0632194,10
313393,Gurgaon,Sector 29,28.4685801,77.0678878,10
5052,Gurgaon,Sector 29,28.4683943,77.063417,10
18128900,Gurgaon,Sector 29,28.4673849,77.0638106,10
309339,Gurgaon,Sector 29,28.4673792,77.0640466,10
5104,Gurgaon,Sector 29,28.4682874,77.0632371,10
18254529,Gurgaon,Sector 29,28.4679517,77.0644064,10
17953909,Gurgaon,Sector 29,28.4691956,77.0624277,10
310203,Gurgaon,Sector 29,28.472016,77.0712417,10
18238250,Gurgaon,Sector 29,28.4695542,77.0633627,10
305272,Gurgaon,Sector 29,28.468377,77.0632371,10
1851,Gurgaon,Sector 29,28.4696871,77.0628774,10
18446415,Gurgaon,Sector 29,28.467777,77.0641949,10
18261703,Gurgaon,Sector 29,28.4691552,77.0624025,10
18241517,Gurgaon,Sector 29,28.4679344,77.0642265,10
18252386,Gurgaon,Sector 29,28.4681254,77.063417,10
18281955,Gurgaon,Sector 29,28.4679344,77.0642265,10
4959,Gurgaon,Sector 29,28.4683279,77.0631922,10
18037822,Gurgaon,Sector 29,28.471349,77.0671046,10
3575,Gurgaon,Sector 29,28.4685726,77.0625436,10
18273972,Gurgaon,Sector 29,28.4723195,77.0716014,10
8430,Gurgaon,Sector 29,28.4676568,77.0641366,10
18157413,Gurgaon,Sector 29,28.4679344,77.0642265,10
18422475,Gurgaon,Sector 29,28.4640533,77.064243,10
18435794,Gurgaon,Sector 29,28.4621449,77.0715571,10
18429166,Gurgaon,Sector 29,28.4681949,77.0627425,10
18264995,Gurgaon,Sector 30,28.4598737,77.0553395,10
18025114,Gurgaon,Sector 30,28.4606832,77.0521813,10
310799,Gurgaon,Sector 31,28.4489745,77.0568391,10
306719,Gurgaon,Sector 31,28.4534927,77.0510698,10
18285721,Gurgaon,Sector 31,28.4529876,77.0509079,10
598,Gurgaon,Sector 31,28.4532365,77.0504568,10
300066,Gurgaon,Sector 31,28.453487,77.0511154,10
18396412,Gurgaon,Sector 31,28.4457809,77.0446703,10
18249121,Gurgaon,Sector 31,28.4645465,77.0549336,10
18241877,Gurgaon,Sector 31,28.4515538,77.0514542,10
310461,Gurgaon,Sector 31,28.4491214,77.057398,10
18385781,Gurgaon,Sector 31,28.4529016,77.0505547,10
18360098,Gurgaon,Sector 31,28.4534826,77.0510504,10
300491,Gurgaon,Sector 31,28.4538134,77.0512923,10
307678,Gurgaon,Sector 31,28.4549152,77.0558828,10
18352295,Gurgaon,Sector 31,28.4527412,77.0506317,10
18451594,Gurgaon,Sector 31,28.45232201,77.04479218,10
18391176,Gurgaon,Sector 31,28.4540489,77.051332,10
304518,Gurgaon,Sector 31,28.4535417,77.0509743,10
6896,Gurgaon,Sector 31,28.4490081,77.0569404,10
18441701,Gurgaon,Sector 31,28.4534895,77.050958,10
4154,Gurgaon,Sector 31,28.4530419,77.0510225,10
18376925,Gurgaon,Sector 31,28.4344744,77.0587634,10
2180,Gurgaon,Sector 31,28.4529609,77.0509348,10
18224532,Gurgaon,Sector 31,28.4457489,77.0448616,10
18356357,Gurgaon,Sector 31,28.4530361,77.0502902,10
18175268,Gurgaon,Sector 31,28.455681,77.055519,10
5004,Gurgaon,Sector 31,28.4528201,77.050482,10
308617,Gurgaon,Sector 31,28.453446,77.0511135,10
304351,Gurgaon,Sector 31,28.4530322,77.0507229,10
18354655,Gurgaon,Sector 31,28.4492369,77.0572815,10
18391141,Gurgaon,Sector 31,28.4493778,77.0566033,10
18492062,Gurgaon,Sector 31,28.4537774,77.051106,10
18324806,Gurgaon,Sector 31,28.444784,77.059453,10
18354665,Gurgaon,Sector 31,28.4497559,77.0571362,10
309543,Gurgaon,Sector 31,28.4528047,77.0505305,10
18419875,Gurgaon,Sector 39,28.4444788,77.03975882,10
18358189,Gurgaon,Sector 39,28.45321428,77.04963807,10
18352250,Gurgaon,Sector 39,28.4393846,77.0463325,10
18435789,Gurgaon,Sector 39,28.4392847,77.0452895,10
308199,Gurgaon,Sector 39,28.4495255,77.0573908,10
18393717,Gurgaon,Sector 39,28.46721998,77.01766379,10
18458642,Gurgaon,Sector 39,28.4457028,77.044871,10
18458635,Gurgaon,Sector 39,28.4394628,77.0450676,10
18313136,Gurgaon,Sector 39,28.43954754,77.04079684,10
18357944,Gurgaon,Sector 39,28.4395668,77.046147,10
18458643,Gurgaon,Sector 39,28.4455421,77.0448877,10
18292436,Gurgaon,Sector 39,28.4433453,77.0555919,10
18345759,Gurgaon,Sector 39,28.4415695,77.0557718,10
18352657,Gurgaon,Sector 39,28.43958321,77.04298183,10
18458637,Gurgaon,Sector 39,28.4394492,77.0449407,10
18352655,Gurgaon,Sector 39,28.43970173,77.04290237,10
18458641,Gurgaon,Sector 39,28.4440456,77.0575645,10
304142,Gurgaon,Sector 43,28.4507062,77.0906106,10
18433016,Gurgaon,Sector 43,28.4419061,77.0859299,10
312683,Gurgaon,Sector 43,28.4514497,77.0959808,10
18037824,Gurgaon,Sector 45,28.4351572,77.0593066,10
303848,Gurgaon,Sector 45,28.4350181,77.0595047,10
18273536,Gurgaon,Sector 45,28.4340212,77.0598728,10
18291450,Gurgaon,Sector 45,28.4341404,77.0599779,10
18345780,Gurgaon,Sector 45,28.4345074,77.0598166,10
18303712,Gurgaon,Sector 45,28.4351263,77.0592634,10
309021,Gurgaon,Sector 45,28.4349266,77.0589267,10
306477,Gurgaon,Sector 45,28.4345889,77.0587691,10
18303698,Gurgaon,Sector 45,28.4347324,77.0586849,10
18381664,Gurgaon,Sector 45,28.4349952,77.0591044,10
18161601,Gurgaon,Sector 45,28.4342048,77.0593696,10
18279913,Gurgaon,Sector 45,28.4447042,77.0593546,10
18268733,Gurgaon,Sector 45,28.4352128,77.0593757,10
18204811,Gurgaon,Sector 45,28.4471752,77.0724033,10
18279459,Gurgaon,Sector 45,28.4418059,77.0717172,10
18409216,Gurgaon,Sector 45,28.4344647,77.0597723,10
18345770,Gurgaon,Sector 45,28.4472195,77.0732567,10
18499475,Gurgaon,Sector 45,28.4446522,77.0594005,10
18034069,Gurgaon,Sector 45,28.4346562,77.0591711,10
18396431,Gurgaon,Sector 45,28.4446824,77.059536,10
18392211,Gurgaon,Sector 45,28.4513687,77.0679502,10
18291213,Gurgaon,Sector 45,28.4346657,77.0595633,10
18350136,Gurgaon,Sector 45,28.4444633,77.059245,10
310454,Gurgaon,Sector 45,28.4439045,77.0598983,10
18446413,Gurgaon,Sector 45,28.4471412,77.0740245,10
18499471,Gurgaon,Sector 45,28.4479605,77.0735754,10
18499459,Gurgaon,Sector 45,28.447879,77.0735393,10
894,Gurgaon,Sector 45,28.4448577,77.0596229,10
5079,Gurgaon,Sector 5,28.4802841,77.0205232,10
18289241,Gurgaon,Sector 50,28.4477683,77.0710139,10
18352682,Gurgaon,Sector 50,28.434682,77.0689933,10
18352658,Gurgaon,Sector 53,28.4317225,77.0887235,10
18241896,Gurgaon,Sector 54,28.4454847,77.1011865,10
18363062,Gurgaon,Sector 54,28.4372591,77.1042435,10
18472639,Gurgaon,Sector 56,28.424109,77.110596,10
18388168,Gurgaon,Sector 56,28.4251591,77.0991634,10
18472449,Gurgaon,Sector 56,28.420766,77.093894,10
18314053,Gurgaon,Sector 56,28.42517935,77.09959824,10
300654,Gurgaon,Sector 56,28.4213907,77.1019507,10
18144467,Gurgaon,Sector 56,28.4211708,77.1018657,10
18332527,Gurgaon,Sector 56,28.4362232,77.1362757,-1
18265424,Gurgaon,Sector 56,28.4255681,77.1000368,10
311534,Gurgaon,Sector 56,28.4273124,77.0982526,10
18124345,Gurgaon,Sector 56,28.4250375,77.0992983,10
5190,Gurgaon,Sector 56,28.421414,77.1017259,10
310235,Gurgaon,Sector 56,28.434589,77.1349572,-1
18251519,Gurgaon,Sector 56,28.42516814,77.09929749,10
6764,Gurgaon,Sector 56,28.42894133,77.09992748,10
18345767,Gurgaon,Sector 56,28.4252326,77.0992973,10
313401,Gurgaon,Sector 56,28.4283926,77.1001525,10
307398,Gurgaon,Sector 56,28.4285248,77.1000683,10
309763,Gurgaon,Sector 56,28.4180994,77.0961512,10
18439540,Gurgaon,Sector 56,28.4250399,77.0993188,10
5011,Gurgaon,Sector 56,28.4253531,77.0994718,10
18265720,Gurgaon,Sector 56,28.42846486,77.10009377,10
18419894,Gurgaon,Sector 56,28.413665,77.112886,-1
18254541,Gurgaon,Sector 56,28.4286826,77.1000307,10
18393709,Gurgaon,Sector 56,28.4252571,77.099865,10
18421493,Gurgaon,Sector 56,28.4250375,77.0992983,10
18464628,Gurgaon,Sector 56,28.43675,77.1340452,-1
18398590,Gurgaon,Sector 56,28.4316128,77.0893173,10
312560,Gurgaon,Sector 56,28.4345776,77.134902,-1
18391166,Gurgaon,Sector 56,28.4287959,77.100181,10
18464624,Gurgaon,Sector 56,28.4271903,77.1096659,10
18464616,Gurgaon,Sector 56,28.4254221,77.099568,10
18388039,Gurgaon,Sector 56,28.42471111,77.09921435,10
18495252,Gurgaon,Sector 56,28.42890893,77.10003416,10
18421502,Gurgaon,Sector 56,28.4256359,77.0999277,10
18464630,Gurgaon,Sector 56,28.429125,77.1420001,-1
18335897,Gurgaon,Sector 56,28.4221468,77.104693,10
5935,Gurgaon,Sector 56,28.4319337,77.1529576,-1
18421476,Gurgaon,Sector 56,28.425191,77.0990285,10
305140,Gurgaon,Sector 56,28.4298806,77.1072554,10
18464618,Gurgaon,Sector 56,28.4253496,77.0997478,10
18464626,Gurgaon,Sector 56,28.436573,77.1345396,-1
18261727,Gurgaon,Sector 56,28.425268,77.0998491,10
306540,Gurgaon,Sector 56,28.430031,77.0921967,10
304524,Gurgaon,Sector 56,28.4249219,77.0990285,10
2087,Gurgaon,Sector 56,28.4251185,77.0992084,10
18439516,Gurgaon,Sector 57,28.4297813,77.080462,10
5588,Gurgaon,Sector 57,28.4217218,77.0904414,10
311975,Gurgaon,Sector 7,28.467311,77.0176107,10
6897,Gurgaon,Sector 7,28.4672588,77.017531,10
313122,Gurgaon,Sector 7,28.4707962,77.0190993,10
306976,Gurgaon,Sector 7,28.4726717,77.0184147,10
308191,Gurgaon,Sector 7,28.4651285,77.0155627,10
18336484,Gurgaon,Sector 7,28.4700416,77.0143446,10
312665,Gurgaon,Sector 7,28.4648232,77.0148921,10
18357570,Gurgaon,Sector 7,28.4681375,77.0162592,10
310829,Gurgaon,Sector 7,28.4677392,77.0170336,10
9852,Gurgaon,Sector 7,28.4663672,77.0175244,10
18357912,Gurgaon,Sector 8,28.455974,77.022728,10
311455,Gurgaon,Sector 8,28.4525161,77.0236993,10
18398839,Gurgaon,Sector 8,28.4591855,77.0213621,10
1920,Gurgaon,"Shopping Mall, DLF Phase 1",28.4658365,77.0998689,10
358,Gurgaon,"Shopping Mall, DLF Phase 1",28.4656305,77.0997223,10
5080,Gurgaon,"Shopping Mall, DLF Phase 1",28.465995,77.1000176,10
1655,Gurgaon,"Shopping Mall, DLF Phase 1",28.4658854,77.0993432,10
18397469,Gurgaon,"Shopping Mall, DLF Phase 1",28.4662158,77.0987074,10
1654,Gurgaon,"Shopping Mall, DLF Phase 1",28.4661404,77.0992642,10
18462602,Gurgaon,Sikandarpur,28.4810852,77.0947125,10
18479007,Gurgaon,Sikandarpur,28.482671,77.095457,10
18409187,Gurgaon,Sikandarpur,28.4828791,77.0954737,10
18357945,Gurgaon,Sikandarpur,28.4834802,77.0967623,10
313085,Gurgaon,Sohna Road,28.42447847,77.03890722,9
307502,Gurgaon,Sohna Road,28.433455,77.089166,10
18237318,Gurgaon,Sohna Road,28.406494,77.0447688,9
18336504,Gurgaon,Sohna Road,28.4057383,77.0443061,9
18277212,Gurgaon,Sohna Road,28.4183524,77.0383803,9
18411846,Gurgaon,Sohna Road,28.4118349,77.0430886,9
300938,Gurgaon,Sohna Road,28.4064865,77.0447626,9
309466,Gurgaon,Sohna Road,28.4249125,77.0392204,9
303606,Gurgaon,Sohna Road,28.4579514,77.0276151,10
18441175,Gurgaon,Sohna Road,28.41240966,77.04253683,9
18292438,Gurgaon,Sohna Road,28.4268302,77.0381858,9
301383,Gurgaon,Sohna Road,28.4025286,77.0451575,9
310500,Gurgaon,Sohna Road,28.4118643,77.042691,9
6867,Gurgaon,Sohna Road,28.4157403,77.0403449,9
301310,Gurgaon,Sohna Road,28.4209297,77.0383658,9
18232128,Gurgaon,Sohna Road,28.4116153,77.0417392,9
4820,Gurgaon,Sohna Road,28.411627,77.0409296,9
306883,Gurgaon,Sohna Road,28.4184165,77.0382435,9
4817,Gurgaon,Sohna Road,28.4058183,77.0444681,9
18423106,Gurgaon,Sohna Road,28.4117267,77.0484858,9
18161567,Gurgaon,Sohna Road,28.4256547,77.0322081,9
303003,Gurgaon,Sohna Road,28.4201195,77.0406597,9
309033,Gurgaon,Sohna Road,28.406214,77.0452475,9
18258571,Gurgaon,Sohna Road,28.266839,77.067268,-1
18322684,Gurgaon,Sohna Road,28.4060723,77.0447078,9
18261309,Gurgaon,Sohna Road,28.41385572,77.04214934,9
304192,Gurgaon,Sohna Road,28.4058584,77.0443479,9
18381235,Gurgaon,Sohna Road,28.434541,77.058018,10
18365865,Gurgaon,Sohna Road,28.4255696,77.033013,9
18415385,Gurgaon,Sohna Road,28.4069177,77.0413794,9
18180062,Gurgaon,Sohna Road,28.415066,77.041071,9
18368007,Gurgaon,Sohna Road,28.4120391,77.0489356,9
18383504,Gurgaon,Sohna Road,28.4133766,77.0432685,9
17977749,Gurgaon,Sohna Road,28.4120086,77.042099,9
312684,Gurgaon,Sohna Road,28.4060983,77.0449776,9
18303696,Gurgaon,Sohna Road,28.41864781,77.03833256,9
303174,Gurgaon,Sohna Road,28.4274393,77.0365475,9
6877,Gurgaon,Sohna Road,28.4248315,77.0393103,9
306975,Gurgaon,Sohna Road,28.4116239,77.0418292,9
18014135,Gurgaon,Sohna Road,28.4270829,77.0371694,9
18306533,Gurgaon,Sohna Road,28.41593885,77.04178983,9
18441539,Gurgaon,South City 1,28.454258,77.062693,10
18340217,Gurgaon,South City 1,28.4584293,77.0678486,10
18246068,Gurgaon,South City 2,28.4307097,77.0832002,10
304564,Gurgaon,South City 2,28.4316636,77.08893042,10
312265,Gurgaon,South City 2,28.43185642,77.08898909,10
18378807,Gurgaon,South City 2,28.4406267,77.0810496,10
18205653,Gurgaon,South City 2,28.4362534,77.0860608,10
18458345,Gurgaon,South City 2,28.4346629,77.078993,10
311428,Gurgaon,South City 2,28.4325962,77.0745897,10
18435818,Gurgaon,South City 2,28.4307149,77.0832881,10
313316,Gurgaon,"Suncity Business Tower, Golf Course Road",28.4335066,77.1053224,10
7528,Gurgaon,"Suncity Business Tower, Golf Course Road",28.4334574,77.1052774,10
1216,Gurgaon,"Supermart 1, DLF Phase 4",28.4625277,77.0872491,10
305662,Gurgaon,"Supermart 1, DLF Phase 4",28.46243126,77.08729528,10
305792,Gurgaon,"Supermart 1, DLF Phase 4",28.4623829,77.0876088,10
305776,Gurgaon,"Supermart 1, DLF Phase 4",28.4622932,77.0876088,10
18355106,Gurgaon,"Supermart 1, DLF Phase 4",28.4625024,77.0868749,10
308274,Gurgaon,"Supermart 1, DLF Phase 4",28.4624121,77.0869794,10
3538,Gurgaon,"Supermart 1, DLF Phase 4",28.46246192,77.08695229,10
18420450,Gurgaon,"Supermart 1, DLF Phase 4",28.4626811,77.0869794,10
306401,Gurgaon,"Supermart 1, DLF Phase 4",28.4625094,77.0868501,10
18257542,Gurgaon,"Supermart 1, DLF Phase 4",28.4624466,77.087339,10
9290,Gurgaon,"Supermart 1, DLF Phase 4",28.4625963,77.0871567,10
301499,Gurgaon,"Supermart 1, DLF Phase 4",28.4626259,77.087339,10
18025103,Gurgaon,"Supermart 1, DLF Phase 4",28.4625602,77.0870678,10
18424627,Gurgaon,"Supermart 1, DLF Phase 4",28.4625905,77.0871573,10
18403465,Gurgaon,"Supermart 1, DLF Phase 4",28.4624928,77.0874235,10
18372668,Gurgaon,"Supermart 1, DLF Phase 4",28.4626087,77.0871592,10
18224536,Gurgaon,"Supermart 1, DLF Phase 4",28.4623802,77.0871142,10
18138454,Gurgaon,Sushant Lok,28.4659842,77.0784363,10
4602,Gurgaon,Sushant Lok,28.4714149,77.0756172,10
18341082,Gurgaon,Sushant Lok,28.4543078,77.0786436,10
18382055,Gurgaon,Sushant Lok,28.4507135,77.0790658,10
18391189,Gurgaon,Sushant Lok,28.4660738,77.0784363,10
311837,Gurgaon,Sushant Lok,28.452042,77.081955,10
254,Gurgaon,Sushant Lok,28.4684058,77.0746189,10
308113,Gurgaon,Sushant Lok,28.4600768,77.0832025,10
18365890,Gurgaon,Sushant Lok,28.4609895,77.0787061,10
18354631,Gurgaon,Sushant Lok,28.4504791,77.0794255,10
18336214,Gurgaon,Sushant Lok,28.4602529,77.0843946,10
18265365,Gurgaon,Sushant Lok,28.4647809,77.0789759,10
18363405,Gurgaon,Sushant Lok,28.4605845,77.0791557,10
18322661,Gurgaon,Sushant Lok,28.4710018,77.0747614,10
18261725,Gurgaon,Sushant Lok,28.4592935,77.0847227,10
18157408,Gurgaon,Sushant Lok,28.4543176,77.0853157,10
18429378,Gurgaon,Sushant Lok,28.4609696,77.0788503,10
18433295,Gurgaon,Sushant Lok,28.4499671,77.0796953,10
18391171,Gurgaon,Sushant Lok,28.4508593,77.0791682,10
18400489,Gurgaon,Sushant Lok,28.4513422,77.0762779,10
18411599,Gurgaon,Sushant Lok,28.4503106,77.0814039,10
18265082,Gurgaon,Sushant Lok,28.455756,77.0830226,10
313275,Gurgaon,Sushant Lok,28.4601546,77.0840118,10
18343001,Gurgaon,Sushant Lok,28.4510321,77.0815524,10
18377905,Gurgaon,Sushant Lok,28.4606023,77.0779417,10
18406140,Gurgaon,Sushant Lok,28.4708726,77.0751988,10
18472606,Gurgaon,Sushant Lok,28.46082,77.079003,10
18451577,Gurgaon,Sushant Lok,28.460034,77.079311,10
312540,Gurgaon,"Sushant Shopping Arcade, Sushant Lok, Gurgaon",28.4607475,77.0793521,10
18386419,Gurgaon,"Sushant Shopping Arcade, Sushant Lok, Gurgaon",28.461131,77.0792457,10
18412886,Gurgaon,"Sushant Shopping Arcade, Sushant Lok, Gurgaon",28.4609172,77.0788859,10
18421029,Gurgaon,"Sushant Shopping Arcade, Sushant Lok, Gurgaon",28.4613734,77.0793669,10
18332044,Gurgaon,"Sushant Shopping Arcade, Sushant Lok, Gurgaon",28.461131,77.0792457,10
18306553,Gurgaon,"Sushant Shopping Arcade, Sushant Lok, Gurgaon",28.460761,77.0798015,10
309451,Gurgaon,"Sushant Shopping Arcade, Sushant Lok, Gurgaon",28.460995,77.0796953,10
18203171,Gurgaon,"Sushant Shopping Arcade, Sushant Lok, Gurgaon",28.4610705,77.0790916,10
312570,Gurgaon,"Sushant Shopping Arcade, Sushant Lok, Gurgaon",28.4532726,77.0811311,10
18273621,Gurgaon,"Sushant Shopping Arcade, Sushant Lok, Gurgaon",28.461131,77.0792457,10
305919,Gurgaon,"Sushant Shopping Arcade, Sushant Lok, Gurgaon",28.4604862,77.0790658,10
304520,Gurgaon,"Sushant Shopping Arcade, Sushant Lok, Gurgaon",28.4609372,77.0795604,10
18292458,Gurgaon,"Sushant Shopping Arcade, Sushant Lok, Gurgaon",28.460829,77.0792715,10
4215,Gurgaon,"Sushant Shopping Arcade, Sushant Lok, Gurgaon",28.4606655,77.0790658,10
18360143,Gurgaon,"Sushant Shopping Arcade, Sushant Lok, Gurgaon",28.4604516,77.0787061,10
18423890,Gurgaon,"Sushant Shopping Arcade, Sushant Lok, Gurgaon",28.4608794,77.0794255,10
312555,Gurgaon,"Sushant Shopping Arcade, Sushant Lok, Gurgaon",28.4605516,77.0789039,10
18420454,Gurgaon,"Sushant Shopping Arcade, Sushant Lok, Gurgaon",28.460726,77.0796953,10
3961,Gurgaon,"The Bristol Hotel, DLF Phase 1",28.4799845,77.0923077,10
3288,Gurgaon,"The Bristol Hotel, DLF Phase 1",28.4799981,77.09232,10
7231,Gurgaon,"The Bristol Hotel, DLF Phase 1",28.4799825,77.0922972,10
18291211,Gurgaon,"The Claremont, MG Road",28.4782126,77.0732202,10
5768,Gurgaon,"The Galgotias, Sector 23",28.5047491,77.0529662,10
304276,Gurgaon,"The Habitare Hotel, Sector 14",28.4664035,77.0395696,10
304279,Gurgaon,"The Habitare Hotel, Sector 14",28.4661418,77.0400898,10
5717,Gurgaon,"The Oberoi, Udyog Vihar",28.5022869,77.0867995,10
7496,Gurgaon,"The Pllazio Hotel, Sector 29",28.4646001,77.0640466,10
309377,Gurgaon,"The Sapphire Mall, Sohna Road",28.412019,77.048261,9
5042,Gurgaon,"The Westin Gurgaon, Sector 29",28.476779,77.0704322,10
5044,Gurgaon,"The Westin Gurgaon, Sector 29",28.4767298,77.0703873,10
5046,Gurgaon,"The Westin Gurgaon, Sector 29",28.476779,77.0704322,10
310700,Gurgaon,"The Westin Sohna Resort & Spa, Sohna Road",28.2393668,77.1427506,-1
310699,Gurgaon,"The Westin Sohna Resort & Spa, Sohna Road",28.2393668,77.1427506,-1
2711,Gurgaon,"Trident, Udyog Vihar",28.5022869,77.0867995,10
2710,Gurgaon,"Trident, Udyog Vihar",28.5022869,77.0867995,10
18285736,Gurgaon,"Two Horizon Center, Golf Course Road",28.4512929,77.0958365,10
18291200,Gurgaon,"Two Horizon Center, Golf Course Road",28.45097366,77.096912,10
18291198,Gurgaon,"Two Horizon Center, Golf Course Road",28.45104175,77.09688552,10
18446404,Gurgaon,Udyog Vihar,28.5109714,77.080139,10
6690,Gurgaon,Udyog Vihar,28.5026368,77.0867096,10
306032,Gurgaon,Udyog Vihar,28.5004986,77.0753139,10
18216898,Gurgaon,Udyog Vihar,28.5130313,77.086215,10
310487,Gurgaon,Udyog Vihar,28.4875966,77.0652612,10
18352277,Gurgaon,Udyog Vihar,28.4991161,77.088159,10
4185,Gurgaon,Udyog Vihar,28.506391,77.083835,10
18374686,Gurgaon,Udyog Vihar,28.4991724,77.0879685,10
310870,Gurgaon,Udyog Vihar,28.5011252,77.0728605,10
18435802,Gurgaon,Udyog Vihar,28.5009896,77.0835622,10
311788,Gurgaon,Udyog Vihar,28.4975584,77.0867524,10
312301,Gurgaon,Udyog Vihar,28.5120417,77.0842434,10
18175242,Gurgaon,Udyog Vihar,28.5140563,77.0801,10
18350142,Gurgaon,Udyog Vihar,28.5130313,77.086215,10
18463967,Gurgaon,Udyog Vihar,28.51150832,77.07576312,10
18463954,Gurgaon,Udyog Vihar,28.501278,77.0823439,10
18463969,Gurgaon,Udyog Vihar,28.511513,77.0755585,10
18350144,Gurgaon,Udyog Vihar,28.4905933,77.0670773,10
18332976,Gurgaon,Udyog Vihar,28.4969691,77.0627161,10
18412860,Gurgaon,Udyog Vihar,28.5130313,77.086215,10
18391133,Gurgaon,Udyog Vihar,28.4905322,77.0671046,10
18311952,Gurgaon,Udyog Vihar,28.49125312,77.07991786,10
18350138,Gurgaon,Udyog Vihar,28.4907223,77.0673441,10
313078,Gurgaon,Udyog Vihar,28.4899846,77.067069,10
18265716,Gurgaon,Udyog Vihar,28.4988926,77.0859902,10
18382370,Gurgaon,Udyog Vihar,28.49064636,77.07016754,10
18421451,Gurgaon,Udyog Vihar,28.4996537,77.0836521,10
18427204,Gurgaon,Udyog Vihar,28.4872533,77.0665649,10
18352171,Gurgaon,Udyog Vihar,28.4978821,77.0834007,10
18458633,Gurgaon,Udyog Vihar,28.490597,77.0671777,10
18306504,Gurgaon,Udyog Vihar,28.5128925,77.08617,10
18458319,Gurgaon,Udyog Vihar,28.4909024,77.0693753,10
18463955,Gurgaon,Udyog Vihar,28.4999667,77.081314,10
18337883,Gurgaon,Udyog Vihar,28.509468,77.085902,10
18391145,Gurgaon,Udyog Vihar,28.4907415,77.0683497,10
18277216,Gurgaon,Udyog Vihar,28.5114797,77.0762102,10
312592,Gurgaon,"Unitech Cyber Park, Sector 39, Gurgaon",28.443247,77.0555019,10
9273,Gurgaon,"Unitech Cyber Park, Sector 39, Gurgaon",28.4429124,77.0563348,10
309134,Gurgaon,"Unitech Cyber Park, Sector 39, Gurgaon",28.44359498,77.05503501,10
18337882,Gurgaon,"Unitech Cyber Park, Sector 39, Gurgaon",28.4435939,77.0563114,10
18237342,Gurgaon,"Unitech Infospace, Sector 21, Gurgaon",28.5096403,77.0714665,10
18383550,Gurgaon,"Unitech Infospace, Sector 21, Gurgaon",28.51055995,77.07236174,10
302243,Gurgaon,"Unitech Infospace, Sector 21, Gurgaon",28.509779,77.0715115,10
18294576,Gurgaon,"Unitech Infospace, Sector 21, Gurgaon",28.5095992,77.0712658,10
18233603,Gurgaon,"Unitech Infospace, Sector 21, Gurgaon",28.5096403,77.0714665,10
304182,Gurgaon,"Unitech Infospace, Sector 21, Gurgaon",28.509779,77.0715115,10
18396424,Gurgaon,"Unitech Infospace, Sector 21, Gurgaon",28.5103687,77.0720511,10
9967,Gurgaon,"Unitech Infospace, Sector 21, Gurgaon",28.5096807,77.0714215,10
18350125,Gurgaon,"Unitech Infospace, Sector 21, Gurgaon",28.51028625,77.07199864,10
302248,Gurgaon,"Unitech Infospace, Sector 21, Gurgaon",28.5095226,77.07128014,10
310531,Gurgaon,"Unitech Infospace, Sector 21, Gurgaon",28.509779,77.0715115,10
312708,Gurgaon,"Unitech Infospace, Sector 21, Gurgaon",28.509779,77.0715115,10
18175288,Gurgaon,"Unitech Infospace, Sector 21, Gurgaon",28.5096854,77.0714703,10
18124368,Gurgaon,"Unitech Infospace, Sector 21, Gurgaon",28.5096403,77.0714665,10
18371415,Gurgaon,"Unitech Infospace, Sector 21, Gurgaon",28.510247,77.0716878,10
305687,Gurgaon,"Unitech Infospace, Sector 21, Gurgaon",28.5096894,77.0715115,10
309642,Gurgaon,"Unitech Infospace, Sector 21, Gurgaon",28.50969289,77.07169354,10
18273546,Gurgaon,"Unitech Infospace, Sector 21, Gurgaon",28.5096721,77.0713316,10
18349911,Gurgaon,"Unitech Infospace, Sector 21, Gurgaon",28.5096807,77.0714215,10
300652,Gurgaon,"Unitech Infospace, Sector 21, Gurgaon",28.50954204,77.07144342,10
302239,Gurgaon,"Unitech Infospace, Sector 21, Gurgaon",28.50954764,77.07135793,10
18237348,Gurgaon,"Unitech Infospace, Sector 21, Gurgaon",28.5096403,77.0714665,10
18311959,Gurgaon,"Unitech Infospace, Sector 21, Gurgaon",28.5096576,77.0716464,10
309308,Gurgaon,"Unitech Infospace, Sector 21, Gurgaon",28.5099843,77.0717813,10
301559,Gurgaon,"Vivanta by Taj, Sector 44, Gurgaon",28.4562499,77.0700953,10
301562,Gurgaon,"Vivanta by Taj, Sector 44, Gurgaon",28.4559543,77.0701624,10
311480,Gurgaon,"Vyapar Kendra, Palam Vihar",28.5088255,77.0310152,10
303866,Gurgaon,"Vyapar Kendra, Palam Vihar",28.5085989,77.0313937,10
4188,Gurgaon,"Vyapar Kendra, Palam Vihar",28.5088043,77.0316635,10
311844,Gurgaon,"Vyapar Kendra, Palam Vihar",28.508564,77.0309826,10
308681,Gurgaon,"Vyapar Kendra, Palam Vihar",28.5090845,77.0308539,10
2817,Gurgaon,"Vyapar Kendra, Palam Vihar",28.5088678,77.0313937,10
5927,Gurgaon,"Vyapar Kendra, Palam Vihar",28.5088417,77.0311238,10
301734,Gurgaon,"Vyapar Kendra, Sushant Lok",28.4604845,77.0842702,10
309851,Gurgaon,"Vyapar Kendra, Sushant Lok",28.4603512,77.0841917,10
300097,Gurgaon,"Vyapar Kendra, Sushant Lok",28.4598562,77.0839756,10
306524,Gurgaon,"Vyapar Kendra, Sushant Lok",28.4606579,77.0836521,10
1453,Gurgaon,"Vyapar Kendra, Sushant Lok",28.4600476,77.083832,10
1451,Gurgaon,"Vyapar Kendra, Sushant Lok",28.4602296,77.0843266,10
300082,Gurgaon,"Vyapar Kendra, Sushant Lok",28.46047,77.0835622,10
313479,Gurgaon,"Vyapar Kendra, Sushant Lok",28.459871,77.0843266,10
9122,Gurgaon,"Vyapar Kendra, Sushant Lok",28.4603598,77.0842816,10
3559,Gurgaon,"Vyapar Kendra, Sushant Lok",28.4606752,77.083832,10
18265678,Gurgaon,"Vyapar Kendra, Sushant Lok",28.4599348,77.0840568,10
2165,Gurgaon,"Vyapar Kendra, Sushant Lok",28.4597873,77.0839219,10
6769,Gurgaon,"Vyapar Kendra, Sushant Lok",28.4599872,77.0832025,10
18441791,Gurgaon,"Vyapar Kendra, Sushant Lok",28.4605883,77.0843266,10
1454,Gurgaon,"Vyapar Kendra, Sushant Lok",28.4607562,77.0837421,10
6775,Gurgaon,"Vyapar Kendra, Sushant Lok",28.4605726,77.0832256,10
306043,Gurgaon,"Woods Resort, Gurgaon",28.4428081,77.0573475,10
2100712,Guwahati,"Anil Plaza, Christian Basti",26.16149,91.773932,-1
2100478,Guwahati,"Anil Plaza, Christian Basti",26.1614901,91.77393191,-1
18384506,Guwahati,Chandmari,26.1802428,91.77524608,-1
2100108,Guwahati,Chandmari,26.18470185,91.77495472,-1
2100565,Guwahati,Christian Basti,26.15735,91.77739722,-1
18397909,Guwahati,Six Mile,26.13298761,91.806493,-1
2100702,Guwahati,Ulubari,26.172119,91.759857,-1
2100101,Guwahati,Ulubari,26.171,91.75816667,-1
2100322,Guwahati,Uzan Bazaar,26.19166667,91.75316667,-1
2100784,Guwahati,Uzan Bazaar,26.18600148,91.75231431,-1
2100849,Guwahati,Uzan Bazaar,26.19376437,91.75386279,-1
18480196,Guwahati,Uzan Bazaar,26.18571587,91.75222128,-1
2100676,Guwahati,Zoo Tiniali,26.17266667,91.783,-1
2100074,Guwahati,Zoo Tiniali,26.17221667,91.78535556,-1
18224282,Guwahati,Zoo Tiniali,26.16767011,91.77896976,-1
90744,Hyderabad,"12th Square Building, Banjara Hills",17.41037066,78.43722526,-1
18452864,Hyderabad,Banjara Hills,17.41233045,78.44965395,-1
97824,Hyderabad,Banjara Hills,17.42281912,78.44957784,-1
18443506,Hyderabad,Gachibowli,17.4110278,78.3296446,-1
90847,Hyderabad,Hitech City,17.43380875,78.38674374,-1
18280329,Hyderabad,Hitech City,17.4558938,78.3754674,-1
96626,Hyderabad,Holiday Inn Express & Suites,17.424114,78.3475536,-1
94286,Hyderabad,Jubilee Hills,17.4382631,78.3978647,-1
96776,Hyderabad,Jubilee Hills,17.43166813,78.40832144,-1
18418733,Hyderabad,Jubilee Hills,17.42829434,78.40442251,-1
18418730,Hyderabad,Jubilee Hills,17.43044843,78.41821343,-1
93766,Hyderabad,Jubilee Hills,17.4295847,78.3926214,-1
18356469,Hyderabad,Jubilee Hills,17.43147653,78.40035025,-1
97503,Hyderabad,Jubilee Hills,17.42622756,78.40749498,-1
92577,Hyderabad,Kondapur,17.45970973,78.36885475,-1
18307251,Hyderabad,Madhapur,17.440827,78.393391,-1
18313013,Hyderabad,Madhapur,17.45197577,78.38588309,-1
18312984,Hyderabad,Ohri' Hitech City,17.45085056,78.37934721,-1
1401756,Indore,Bhawar Kuan,22.6952067,75.8660587,-1
1400544,Indore,Bhawar Kuan,22.65184685,75.88199135,-1
18254231,Indore,HIG-LIG,22.75185706,75.86669887,-1
1402314,Indore,"Infiniti Hotel, Vijay Nagar",22.75365871,75.90336453,-1
1400466,Indore,New Palasia,22.7270206,75.8841666,-1
1401934,Indore,New Palasia,22.7281631,75.884212,-1
1401548,Indore,New Palasia,22.722634,75.8869592,-1
1400460,Indore,Old Palasia,22.7257475,75.8984969,-1
1400056,Indore,Old Palasia,22.7258351,75.8876482,-1
1400169,Indore,"Radisson Blu Hotel, Vijay Nagar",22.75003967,75.90284687,-1
1400186,Indore,"Sayaji Hotel, Vijay Nagar",22.75123407,75.88949014,-1
1402335,Indore,Vijay Nagar,22.7480596,75.8934001,-1
1400555,Indore,Vijay Nagar,22.74504922,75.89247074,-1
1401948,Indore,Vijay Nagar,22.76159306,75.88636234,-1
18395137,Indore,Vijay Nagar,22.7600723,75.892574,-1
1400121,Indore,Vijay Nagar,22.744648,75.8943769,-1
1402028,Indore,Vijay Nagar,22.7612256,75.8875215,-1
1401857,Indore,Vijay Nagar,22.7538385,75.8974292,-1
1402089,Indore,Vijay Nagar,22.745536,75.8931063,-1
1402050,Indore,YN Road,22.7322253,75.8747647,-1
101212,Jaipur,C Scheme,26.90518991,75.81075322,-1
101834,Jaipur,C Scheme,26.9141424,75.8057035,-1
101884,Jaipur,C Scheme,26.91348344,75.8031391,-1
102813,Jaipur,C Scheme,26.9023283,75.7942573,-1
101259,Jaipur,C Scheme,26.9052866,75.7945919,-1
103065,Jaipur,C Scheme,26.9119271,75.797282,-1
100080,Jaipur,"Chokhi Dhani Village Resort, Tonk Road",26.766536,75.837333,-1
103147,Jaipur,Civil Lines,26.91026177,75.78301314,-1
101311,Jaipur,Civil Lines,26.91137752,75.7890337,-1
100305,Jaipur,"Devraj Niwas, Bani Park",26.9214108,75.7936039,-1
102215,Jaipur,"Holiday Inn Jaipur City Centre, Bais Godam",26.9029402,75.7930067,-1
102216,Jaipur,"Holiday Inn Jaipur City Centre, Bais Godam",26.9029076,75.7929342,-1
18209498,Jaipur,"Hotel Clarks Amer, Malviya Nagar",26.84615556,75.8023,-1
103019,Jaipur,Lal Kothi,26.8884204,75.80068856,-1
103090,Jaipur,Lal Kothi,26.89119117,75.80208298,-1
102531,Jaipur,Malviya Nagar,26.84959558,75.80051154,-1
100306,Jaipur,Tonk Road,26.8923125,75.80689587,-1
18454586,Jaipur,Vaishali Nagar,26.91398711,75.75289118,-1
102504,Jaipur,Vaishali Nagar,26.9137256,75.7528205,-1
102867,Jaipur,Vidhyadhar Nagar,26.9564308,75.776649,-1
2300061,Kanpur,Arya Nagar,26.48367222,80.32070833,-1
2300483,Kanpur,Ashok Nagar,26.47161686,80.31356357,-1
2300065,Kanpur,Ashok Nagar,26.46900278,80.31634444,-1
18377936,Kanpur,Ashok Nagar,26.47152862,80.31345762,-1
2300188,Kanpur,Hotel Royal Cliff,26.47910833,80.31504167,-1
2300497,Kanpur,Mall Road,26.47200132,80.35400223,-1
2300476,Kanpur,Mall Road,26.473698,80.352677,-1
2300018,Kanpur,Mall Road,26.47775,80.351569,-1
18312106,Kanpur,Parade,26.47498638,80.34279578,-1
2300042,Kanpur,"Rave 3, Tilak Nagar",26.49210556,80.32779722,-1
2300048,Kanpur,"Rave Moti, Kakadeo",26.48154722,80.299775,-1
2300058,Kanpur,"Status Club, Kanpur Cantonment",26.463504,80.372929,-1
2300162,Kanpur,Swaroop Nagar,26.48241944,80.32093889,-1
2300003,Kanpur,Swaroop Nagar,26.48258056,80.31562778,-1
2300176,Kanpur,Swaroop Nagar,26.48304167,80.31783333,-1
2300187,Kanpur,"The Landmark Hotel, Mall Road",26.47413333,80.3481,-1
2300009,Kanpur,Tilak Nagar,26.49095,80.31865556,-1
18391601,Kanpur,"Z Square Mall, Mall Road",26.47,80.35,-1
900682,Kochi,Chittoor Road,9.979362921,76.28500095,-1
95361,Kochi,Edappally,10.02804722,76.31001944,-1
95421,Kochi,Edappally,10.02068333,76.31063056,-1
95256,Kochi,Fort Kochi,9.966783333,76.24298056,-1
95286,Kochi,"Grand Hotel, MG Road",9.970716667,76.28544722,-1
900969,Kochi,Kacheripady,9.982833886,76.28326792,-1
95333,Kochi,Kacheripady,9.985697222,76.28112778,-1
900547,Kochi,Kacheripady,9.985496938,76.27699893,-1
901089,Kochi,Kakkanad,10.00070594,76.34951615,-1
901035,Kochi,Kakkanad,10.03557278,76.33695804,-1
900561,Kochi,Kakkanad,10.00688056,76.34539722,-1
900524,Kochi,Kaloor,9.988483333,76.29521111,-1
900800,Kochi,Kaloor,9.991702778,76.29313611,-1
95304,Kochi,"LuLu Mall, Edappally",10.02701389,76.30805278,-1
900533,Kochi,"LuLu Mall, Edappally",10.02736389,76.30825833,-1
901004,Kochi,Palarivattom,10.00306395,76.30758885,-1
900111,Kochi,Panampilly Nagar,9.959777778,76.29610556,-1
95331,Kochi,Panampilly Nagar,9.957144444,76.29678333,-1
900032,Kochi,Panampilly Nagar,9.960845813,76.29393613,-1
900282,Kochi,Vyttila,9.979186111,76.31736111,-1
18217475,Kolkata,"Acropolis Mall, Kasba ",22.51468755,88.39329377,-1
18249144,Kolkata,"Acropolis Mall, Kasba ",22.51458534,88.3933102,-1
18017612,Kolkata,Ballygunge,22.5264613,88.3644527,-1
18377112,Kolkata,Ballygunge,22.538731,88.364878,-1
20002,Kolkata,Ballygunge,22.52789315,88.36862817,-1
18343731,Kolkata,Ballygunge,22.5336623,88.3662166,-1
25664,Kolkata,Camac Street Area,22.5471855,88.3506798,-1
25587,Kolkata,Elgin,22.53795995,88.34984265,-1
24530,Kolkata,Golpark,22.51508182,88.36783022,-1
20747,Kolkata,Kidderpore,22.5389989,88.3223365,-1
21220,Kolkata,"Mani Square Mall, Kankurgachi",22.5778208,88.400581,-1
25570,Kolkata,Park Street Area,22.55108374,88.35412715,-1
20350,Kolkata,Park Street Area,22.5532273,88.3532734,-1
20870,Kolkata,Park Street Area,22.55299638,88.35231029,-1
20404,Kolkata,Park Street Area,22.5526719,88.352885,-1
24286,Kolkata,"Quest Mall, Ballygunge",22.53912894,88.36550709,-1
20842,Kolkata,"Sector 5, Salt Lake",22.56935843,88.43345214,-1
18259462,Kolkata,"Sector 5, Salt Lake",22.56936679,88.43318693,-1
24452,Kolkata,"Silver Spring Arcade, Science City Area",22.5490998,88.4004673,-1
18017615,Kolkata,Southern Avenue,22.51411859,88.36250436,-1
800468,Lucknow,Aminabad,26.84850556,80.92743056,-1
801690,Lucknow,Gomti Nagar,26.8528099,81.0011849,-1
18296995,Lucknow,Gomti Nagar,26.86,80.99,-1
800237,Lucknow,Gomti Nagar,26.8551778,80.9945959,-1
800273,Lucknow,Gomti Nagar,26.8517588,81.0232496,-1
18375866,Lucknow,Gomti Nagar,26.86744546,81.01515904,-1
801170,Lucknow,Gomti Nagar,26.85338395,80.99885715,-1
801636,Lucknow,Gomti Nagar,26.85585347,81.00087417,-1
18385021,Lucknow,Gomti Nagar,26.85123157,81.01126765,-1
801269,Lucknow,Gomti Nagar,26.8536376,81.00043965,-1
800483,Lucknow,Hazratganj,26.85263889,80.93688889,-1
800891,Lucknow,Hazratganj,26.852,80.9415,-1
800326,Lucknow,Lalbagh,26.85019167,80.94088611,-1
801384,Lucknow,Renaissance Lucknow Hotel,26.852692,80.973027,-1
800089,Lucknow,"Riverside Mall, Gomti Nagar",26.853007,80.973185,-1
801247,Lucknow,"Royal Inn, Hazratganj",26.855957,80.945099,-1
800576,Lucknow,Sadar Bazaar,26.834638,80.947029,-1
15239,Ludhiana,"A Hotel, Gurdev Nagar",30.87398772,75.84273856,-1
15005,Ludhiana,BRS Nagar,30.88722034,75.80489259,-1
15221,Ludhiana,Civil Lines,30.91405691,75.83981965,-1
15292,Ludhiana,Civil Lines,30.90556176,75.83284054,-1
15309,Ludhiana,Gurdev Nagar,30.89520443,75.82210299,11
15132,Ludhiana,Gurdev Nagar,30.89999169,75.83133817,-1
15705,Ludhiana,"Hyatt Regency, Rajguru Nagar",30.88581363,75.78697577,-1
15078,Ludhiana,"Main Market, Sarabha Nagar",30.89285962,75.82219854,11
15104,Ludhiana,"Main Market, Sarabha Nagar",30.89308145,75.8214948,11
15774,Ludhiana,"Main Market, Sarabha Nagar",30.893244,75.82181666,11
15008,Ludhiana,"Main Market, Sarabha Nagar",30.89323422,75.82172044,11
15321,Ludhiana,"Main Market, Sarabha Nagar",30.89297787,75.82184684,11
15368,Ludhiana,PAU,30.89958432,75.80934606,-1
15853,Ludhiana,Rajguru Nagar,30.895817,75.813112,11
15497,Ludhiana,Sarabha Nagar,30.89338354,75.8212021,11
15091,Ludhiana,Shastri Nagar,30.89018388,75.82961485,11
15777,Ludhiana,"Silver Arc Mall, Gurdev Nagar",30.90287228,75.82680825,11
15717,Ludhiana,"Westend Mall, Rajguru Nagar",30.88591491,75.78825854,-1
3100159,Mangalore,Balmatta,12.87369722,74.85362222,12
3100010,Mangalore,Balmatta,12.87367778,74.85274444,12
3100145,Mangalore,Balmatta,12.87353056,74.85158611,12
3100013,Mangalore,Balmatta,12.87343056,74.85343056,12
3100143,Mangalore,Balmatta,12.87334761,74.85209855,12
3100033,Mangalore,Balmatta,12.87073611,74.84665556,12
3100153,Mangalore,Balmatta,12.87378611,74.84863333,12
3100030,Mangalore,"Goldfinch Hotel, Balmatta",12.87582222,74.85006667,12
18237384,Mangalore,Hampankatta,12.87221736,74.84500254,12
3100044,Mangalore,Kadri,12.89897943,74.85946446,-1
3100017,Mangalore,"The Ocean Pearl, Kodailbail",12.87505833,74.84048333,12
18424018,Mohali,Sector 70,30.6955506,76.7187888,-1
35217,Mumbai,Azad Nagar,19.12663,72.829976,-1
18447068,Mumbai,Borivali East,19.22131488,72.86238123,-1
18458563,Mumbai,Borivali West,19.2238399,72.8413473,-1
18075122,Mumbai,Borivali West,19.254567,72.848923,-1
18233317,Mumbai,Fort,18.92758399,72.83258457,-1
18237753,Mumbai,"Hill Road, Bandra West",19.05583064,72.83398401,-1
18388642,Mumbai,Juhu,19.09145752,72.82780755,-1
18463285,Mumbai,"Linking Road, Bandra West",19.06583751,72.83265799,-1
16527711,Mumbai,Lower Parel,18.99404899,72.82520279,-1
18313566,Mumbai,Lower Parel,19.0035172,72.82764997,-1
49003,Mumbai,Lower Parel,18.99423667,72.82555282,-1
18441580,Mumbai,"Majiwada, Thane West",19.20722241,72.97228105,-1
34757,Mumbai,Malad West,19.178321,72.834715,-1
18408295,Mumbai,Malad West,19.18129965,72.83619149,-1
18216876,Mumbai,Malad West,19.17626869,72.83672087,-1
17806994,Mumbai,Powai,19.12008268,72.90738534,-1
18435740,Mumbai,Powai,19.12199866,72.90849264,-1
18318116,Mumbai,"Ramee Guestline Hotel, Juhu",19.1093,72.825451,-1
18270976,Mumbai,"Versova, Andheri West",19.1311405,72.8130738,-1
49486,Mumbai,Vile Parle East,19.103249,72.846749,-1
3600252,Mysore,Chamrajpura,12.31107222,76.65487778,-1
3600265,Mysore,Chamrajpura,12.30456944,76.64362222,-1
3600375,Mysore,Chamrajpura,12.299524,76.64262,-1
3600015,Mysore,Doora,12.3085,76.66580833,-1
3600012,Mysore,Gokulam,12.32397778,76.62796111,-1
3600013,Mysore,Gokulam,12.32399444,76.62616667,-1
3600071,Mysore,Gokulam,12.32546111,76.63227778,-1
3600192,Mysore,Ittige Gudu,12.297954,76.665169,-1
3600119,Mysore,Jayalakhsmipuram,12.32319444,76.63058333,-1
3600352,Mysore,Jayalakhsmipuram,12.32121389,76.62109444,-1
3600009,Mysore,Jayalakhsmipuram,12.323225,76.63002778,-1
3600361,Mysore,Kuvempunagar,12.28474722,76.62586111,-1
3600148,Mysore,"Pai Hotels, Doora",12.31097222,76.65926389,-1
3600008,Mysore,Vijay Nagar,12.35205833,76.60665,-1
3600354,Mysore,Vijay Nagar,12.31696667,76.60306667,-1
3600285,Mysore,Vijay Nagar,12.32635556,76.61910278,-1
3600072,Mysore,Vijay Nagar,12.33792778,76.61788889,-1
3600022,Mysore,Vijay Nagar,12.33402222,76.61820278,-1
3600014,Mysore,Vijay Nagar,12.33797778,76.61679167,-1
3301308,Nagpur,Bajaj Nagar,21.12420256,79.06428449,-1
3300780,Nagpur,Bajaj Nagar,21.12949694,79.06046167,-1
3300369,Nagpur,Bajaj Nagar,21.12499944,79.05922417,-1
3301013,Nagpur,Bajaj Nagar,21.11882292,79.04722832,-1
3300741,Nagpur,Civil Lines,21.1481626,79.0679011,-1
3300138,Nagpur,Civil Lines,21.15841584,79.07658678,-1
3300949,Nagpur,Civil Lines,21.15619053,79.07730427,-1
3300065,Nagpur,Dhantoli,21.13851031,79.08047698,-1
3300416,Nagpur,Dharampeth,21.13685791,79.0651371,-1
3301169,Nagpur,Dharampeth,21.14083972,79.06652045,-1
3300061,Nagpur,Dharampeth,21.13784829,79.05853249,-1
3300107,Nagpur,Mohan Nagar,21.15848119,79.08184659,-1
3300058,Nagpur,Pratap Nagar,21.1232834,79.03866302,-1
3300057,Nagpur,Ramdaspeth,21.13672376,79.07851763,-1
3300041,Nagpur,Sadar,21.159225,79.079819,-1
3300958,Nagpur,Sitabuldi,21.143272,79.080247,-1
3300707,Nagpur,Sitabuldi,21.14353333,79.08040556,-1
3300070,Nagpur,Sitabuldi,21.14014612,79.08009443,-1
3301035,Nagpur,Vivekanand Nagar,21.08922374,79.06482127,-1
1600280,Nashik,Anand Wali Goan,20.01361026,73.74210622,-1
1600169,Nashik,Anand Wali Goan,20.01207513,73.74589243,-1
1600109,Nashik,"Bon Vivant, College Road",20.006756,73.770914,-1
1600108,Nashik,"Bon Vivant, College Road",20.006756,73.770914,-1
1600258,Nashik,"City Center, Parijat Nagar",19.990707,73.760948,-1
1600007,Nashik,College Road,20.01271111,73.75582778,-1
1600053,Nashik,College Road,20.00551389,73.76653333,-1
1600326,Nashik,College Road,20.008442,73.756229,-1
1600219,Nashik,College Road,20.00669049,73.75463597,-1
1600067,Nashik,College Road,20.0037341,73.76504313,-1
1600029,Nashik,Parijat Nagar,19.97720852,73.77734005,-1
1600095,Nashik,Satpur,19.98975665,73.74630857,-1
1600205,Nashik,Satpur,20.02091783,73.72076757,-1
1600212,Nashik,"SSK Solitaire, Satpur",19.991295,73.776176,-1
18216944,New Delhi,Adchini,28.53538174,77.19692286,13
313333,New Delhi,Adchini,28.53549308,77.19747473,13
18384127,New Delhi,Adchini,28.5375472,77.1980333,13
582,New Delhi,Adchini,28.5355234,77.1969242,13
18414465,New Delhi,Adchini,28.5381335,77.1981225,13
304243,New Delhi,Adchini,28.53744768,77.19815936,13
3554,New Delhi,Adchini,28.53747419,77.19795015,13
18369872,New Delhi,Adchini,28.53839431,77.19804244,13
948,New Delhi,Adchini,28.5386662,77.1988082,13
2853,New Delhi,Adchini,28.53576259,77.19696745,13
18433900,New Delhi,Adchini,28.53565508,77.19679244,13
18425159,New Delhi,Adchini,28.538438,77.199152,13
310958,New Delhi,Adchini,28.53789627,77.19815668,13
18334443,New Delhi,"Aditya Mega Mall, Karkardooma",28.6557549,77.3006287,8
18255141,New Delhi,"Aditya Mega Mall, Karkardooma",28.6560516,77.3011977,8
197,New Delhi,"Aditya Mega Mall, Karkardooma",28.6564531,77.3016337,8
308235,New Delhi,"Aditya Mega Mall, Karkardooma",28.6562624,77.3016026,8
18258757,New Delhi,Aerocity,28.554463,77.087897,-1
307383,New Delhi,Aerocity,28.55169,77.120642,14
18386746,New Delhi,Aerocity,28.554463,77.087897,-1
18337885,New Delhi,Aerocity,28.554463,77.087897,-1
310491,New Delhi,"Aggarwal City Mall, Pitampura",28.6901424,77.1346226,15
18337789,New Delhi,"Aggarwal City Mall, Pitampura",28.6900143,77.1345554,15
18222573,New Delhi,"Aggarwal City Mall, Pitampura",28.68990208,77.13477239,15
3370,New Delhi,"Aggarwal City Plaza, Rohini",28.7003322,77.1177269,15
307439,New Delhi,"Aggarwal City Plaza, Rohini",28.7006401,77.1176394,15
1078,New Delhi,"Aggarwal City Plaza, Rohini",28.7006935,77.1172629,15
9340,New Delhi,"Aggarwal City Plaza, Rohini",28.7004868,77.1175742,15
306761,New Delhi,"Aggarwal City Plaza, Rohini",28.7004261,77.1176368,15
7580,New Delhi,Alaknanda,28.52497428,77.2542078,13
7584,New Delhi,Alaknanda,28.5253209,77.2542551,13
7582,New Delhi,Alaknanda,28.52813297,77.25014627,13
7594,New Delhi,Alaknanda,28.5255719,77.2540557,13
7583,New Delhi,Alaknanda,28.52569245,77.25411225,13
7610,New Delhi,Alaknanda,28.52810941,77.24689879,13
18412603,New Delhi,Alaknanda,28.5256646,77.2545694,13
7639,New Delhi,Alaknanda,28.52560319,77.2532459,13
18441545,New Delhi,Alaknanda,28.525675,77.249793,13
9971,New Delhi,Alaknanda,28.5253274,77.253851,13
18451572,New Delhi,Alaknanda,28.52774267,77.24780235,13
7593,New Delhi,Alaknanda,28.5257928,77.2540306,13
301440,New Delhi,Alaknanda,28.52553898,77.25402072,13
7585,New Delhi,Alaknanda,28.52572397,77.25401971,13
306531,New Delhi,Alaknanda,28.52757,77.25118,13
18354658,New Delhi,Alaknanda,28.533376,77.2542022,13
18337782,New Delhi,Alaknanda,28.5258419,77.2540755,13
18258759,New Delhi,Alaknanda,28.523785,77.252479,13
18057805,New Delhi,Alaknanda,28.53141028,77.25034475,13
3428,New Delhi,Alaknanda,28.53267894,77.25312788,13
18425771,New Delhi,Alaknanda,28.5278902,77.2468466,13
18304836,New Delhi,Alaknanda,28.53,77.25,13
18311951,New Delhi,Alaknanda,28.52542,77.253694,13
18401128,New Delhi,Alaknanda,28.52,77.25,13
18354667,New Delhi,Alaknanda,28.5299095,77.25012012,13
18431379,New Delhi,Alaknanda,28.5335614,77.25394236,13
18311953,New Delhi,Alaknanda,28.525267,77.2546954,13
18425780,New Delhi,Alaknanda,28.5254928,77.2550814,13
18489513,New Delhi,Alaknanda,28.526931,77.248174,13
306795,New Delhi,Alaknanda,28.5255985,77.2543449,13
7249,New Delhi,"Ambience Mall, Vasant Kunj",28.541562,77.1549849,13
7246,New Delhi,"Ambience Mall, Vasant Kunj",28.5414797,77.1549896,13
310723,New Delhi,"Ambience Mall, Vasant Kunj",28.5417053,77.1551985,13
7253,New Delhi,"Ambience Mall, Vasant Kunj",28.5411683,77.155068,13
18180041,New Delhi,"Ambience Mall, Vasant Kunj",28.54155381,77.15575699,13
18434414,New Delhi,"Ambience Mall, Vasant Kunj",28.5414127,77.15530144,13
4905,New Delhi,"Ambience Mall, Vasant Kunj",28.5414475,77.154938,13
18421232,New Delhi,"Ambience Mall, Vasant Kunj",28.5410525,77.1552225,13
7228,New Delhi,"Ambience Mall, Vasant Kunj",28.5411702,77.155099,13
7068,New Delhi,"Ambience Mall, Vasant Kunj",28.5409809,77.1553877,13
302152,New Delhi,"Ambience Mall, Vasant Kunj",28.54089671,77.15541266,13
312300,New Delhi,"Ambience Mall, Vasant Kunj",28.5411409,77.1550949,13
5565,New Delhi,Anand Lok,28.5555634,77.2187517,13
307113,New Delhi,Anand Lok,28.5556355,77.2194983,13
6258,New Delhi,Anand Vihar,28.6603476,77.3169197,8
6094,New Delhi,Anand Vihar,28.6594964,77.3063202,8
304592,New Delhi,Anand Vihar,28.6603647,77.3168615,8
18421481,New Delhi,Anand Vihar,28.6596493,77.3065547,8
310874,New Delhi,Anand Vihar,28.6595397,77.3065301,8
18313972,New Delhi,Anand Vihar,28.6594042,77.3068973,8
18128860,New Delhi,Anand Vihar,28.6602285,77.316909,8
310877,New Delhi,Anand Vihar,28.6596084,77.3066672,8
304687,New Delhi,Anand Vihar,28.6601278,77.305701,8
312444,New Delhi,Anand Vihar,28.6596561,77.3064966,8
18337975,New Delhi,Anand Vihar,28.6578549,77.3103233,8
18124373,New Delhi,Anand Vihar,28.6594592,77.3068127,8
305913,New Delhi,Anand Vihar,28.65948,77.306795,8
310447,New Delhi,Anand Vihar,28.6598026,77.3061657,8
310858,New Delhi,Anand Vihar,28.6596774,77.3064705,8
18332083,New Delhi,Anand Vihar,28.6595258,77.3064258,8
18361241,New Delhi,Anand Vihar,28.6604475,77.3169899,8
305630,New Delhi,Anand Vihar,28.6596325,77.3065439,8
18034049,New Delhi,Anand Vihar,28.6595377,77.306742,8
6092,New Delhi,Anand Vihar,28.6595993,77.3066776,8
18124361,New Delhi,Anand Vihar,28.6601355,77.3057084,8
6088,New Delhi,Anand Vihar,28.6594782,77.3065483,8
18394366,New Delhi,Anand Vihar,28.6602308,77.3171967,8
18354639,New Delhi,Anand Vihar,28.6598763,77.317158,8
311657,New Delhi,Anand Vihar,28.6632543,77.3160226,8
18350112,New Delhi,Anand Vihar,28.660001,77.3128538,8
18377924,New Delhi,Anand Vihar,28.6600636,77.3049468,8
18428216,New Delhi,Anand Vihar,28.6595807,77.3066854,8
18421050,New Delhi,Anand Vihar,28.6595978,77.3064428,8
18377887,New Delhi,Anand Vihar,28.6594371,77.3068152,8
18421693,New Delhi,Anand Vihar,28.6594206,77.3068421,8
18418263,New Delhi,Anand Vihar,28.6640178,77.3181158,8
18421457,New Delhi,Anand Vihar,28.6603594,77.3171146,8
18421463,New Delhi,Anand Vihar,28.6636866,77.3180203,8
18268361,New Delhi,Anand Vihar,28.6597573,77.3061815,8
18445804,New Delhi,Anand Vihar,28.6579247,77.3065417,8
18347812,New Delhi,Anand Vihar,28.6600976,77.3056481,8
18377920,New Delhi,Anand Vihar,28.659426,77.3065199,8
311544,New Delhi,Anand Vihar,28.6622024,77.3170268,8
18377915,New Delhi,Anand Vihar,28.6595326,77.3062409,8
18421058,New Delhi,Anand Vihar,28.6595859,77.3066115,8
18335692,New Delhi,Anand Vihar,28.6519961,77.3147803,8
18429396,New Delhi,"Andaz Delhi, Aerocity",28.55480667,77.12181085,14
179,New Delhi,"Ansal Plaza Mall, Khel Gaon Marg",28.5625545,77.2243586,13
307843,New Delhi,"Ansal Plaza Mall, Khel Gaon Marg",28.5625495,77.2242626,13
18421042,New Delhi,"Ansal Plaza Mall, Khel Gaon Marg",28.5624498,77.2245776,13
3295,New Delhi,"Ansal Plaza Mall, Khel Gaon Marg",28.562518,77.2245397,13
18414499,New Delhi,"Ansal Plaza Mall, Khel Gaon Marg",28.5625562,77.2239998,13
18441775,New Delhi,"Ansal Plaza Mall, Khel Gaon Marg",28.563155,77.224443,13
18427565,New Delhi,"Ansal Plaza Mall, Khel Gaon Marg",28.56257437,77.22493695,13
18395381,New Delhi,"Ansal Plaza Mall, Khel Gaon Marg",28.5622825,77.2243747,13
310281,New Delhi,"ARSS Mall, Paschim Vihar",28.66894461,77.10154384,16
18207831,New Delhi,Asaf Ali Road,28.640954,77.238382,13
5452,New Delhi,Asaf Ali Road,28.64244153,77.23196391,13
18374418,New Delhi,Asaf Ali Road,28.642415,77.231881,13
18258778,New Delhi,Ashok Vihar Phase 1,28.6933274,77.1729156,15
6560,New Delhi,Ashok Vihar Phase 1,28.6927118,77.1731452,15
3322,New Delhi,Ashok Vihar Phase 1,28.692666,77.1725562,15
18249102,New Delhi,Ashok Vihar Phase 1,28.6849156,77.1664456,15
18241609,New Delhi,Ashok Vihar Phase 1,28.6976846,77.1763302,15
8743,New Delhi,Ashok Vihar Phase 1,28.6931895,77.1714778,15
5294,New Delhi,Ashok Vihar Phase 1,28.6938333,77.1727344,15
4651,New Delhi,Ashok Vihar Phase 1,28.6848261,77.1664456,15
5315,New Delhi,Ashok Vihar Phase 1,28.6942435,77.1721967,15
6577,New Delhi,Ashok Vihar Phase 1,28.6874254,77.1730055,15
309395,New Delhi,Ashok Vihar Phase 1,28.6873272,77.1729156,15
300784,New Delhi,Ashok Vihar Phase 1,28.6929381,77.1716576,15
18430692,New Delhi,Ashok Vihar Phase 1,28.6812819,77.1767631,15
309503,New Delhi,Ashok Vihar Phase 1,28.6931964,77.1731558,15
3326,New Delhi,Ashok Vihar Phase 1,28.6873066,77.1736345,15
309384,New Delhi,Ashok Vihar Phase 1,28.6738532,77.1855851,15
3079,New Delhi,Ashok Vihar Phase 1,28.6933532,77.1731852,15
303093,New Delhi,Ashok Vihar Phase 1,28.6925128,77.1728257,15
309375,New Delhi,Ashok Vihar Phase 1,28.6930613,77.1734098,15
18441672,New Delhi,Ashok Vihar Phase 1,28.6940223,77.1724219,15
18446423,New Delhi,Ashok Vihar Phase 1,28.6870353,77.1731402,15
18462588,New Delhi,Ashok Vihar Phase 1,28.6872769,77.1736822,15
18460330,New Delhi,Ashok Vihar Phase 1,28.6720536,77.1808229,15
18361739,New Delhi,Ashok Vihar Phase 1,28.687879,77.1685277,15
312338,New Delhi,Ashok Vihar Phase 1,28.6872543,77.1730688,15
18057828,New Delhi,Ashok Vihar Phase 1,28.687261,77.1728262,15
18361700,New Delhi,Ashok Vihar Phase 1,28.6720536,77.1808229,15
18383541,New Delhi,Ashok Vihar Phase 1,28.6942521,77.1722866,15
18248970,New Delhi,Ashok Vihar Phase 1,28.6738127,77.18563,15
18395538,New Delhi,Ashok Vihar Phase 1,28.67,77.18,15
18446396,New Delhi,Ashok Vihar Phase 1,28.694039,77.172323,15
313193,New Delhi,Ashok Vihar Phase 1,28.6703604,77.1809128,15
18457050,New Delhi,Ashok Vihar Phase 1,28.6802986,77.1724663,15
18458325,New Delhi,Ashok Vihar Phase 1,28.6873126,77.1732301,15
5296,New Delhi,Ashok Vihar Phase 1,28.6939921,77.1723764,15
310802,New Delhi,Ashok Vihar Phase 2,28.6945328,77.1787198,15
310777,New Delhi,Ashok Vihar Phase 2,28.6929229,77.1780375,15
309,New Delhi,Ashok Vihar Phase 2,28.693362,77.1779476,15
18390678,New Delhi,Ashok Vihar Phase 2,28.6951682,77.1715677,15
3329,New Delhi,Ashok Vihar Phase 2,28.6960643,77.1795361,15
18216896,New Delhi,Ashok Vihar Phase 2,28.693567,77.1782172,15
307767,New Delhi,Ashok Vihar Phase 2,28.6965128,77.1795201,15
3332,New Delhi,Ashok Vihar Phase 2,28.6929229,77.1780375,15
980,New Delhi,Ashok Vihar Phase 2,28.6961234,77.1794454,15
18232098,New Delhi,Ashok Vihar Phase 2,28.6963822,77.1702198,15
6574,New Delhi,Ashok Vihar Phase 2,28.6965655,77.1799506,15
2379,New Delhi,Ashok Vihar Phase 2,28.680204,77.1855035,15
309390,New Delhi,Ashok Vihar Phase 2,28.6950531,77.1793165,15
300809,New Delhi,Ashok Vihar Phase 2,28.6961906,77.1794162,15
1192,New Delhi,Ashok Vihar Phase 3,28.6923511,77.177678,15
310803,New Delhi,Ashok Vihar Phase 3,28.6919464,77.1781273,15
18250797,New Delhi,Ashok Vihar Phase 3,28.691831,77.1778577,15
198,New Delhi,Ashok Vihar Phase 3,28.6924171,77.1778168,15
18449782,New Delhi,Ashok Vihar Phase 3,28.6872232,77.1835542,15
18057820,New Delhi,Ashok Vihar Phase 3,28.6924751,77.1780375,15
310215,New Delhi,Ashok Vihar Phase 3,28.6849542,77.1674237,15
306841,New Delhi,Ashok Vihar Phase 3,28.6924851,77.1780492,15
18412952,New Delhi,Ashok Vihar Phase 3,28.6921495,77.1778832,15
18432191,New Delhi,Ashok Vihar Phase 3,28.6924751,77.1780375,15
18375420,New Delhi,Ashok Vihar Phase 3,28.69218909,77.17785772,15
6286,New Delhi,Barakhamba Road,28.6295216,77.2319679,13
1914,New Delhi,Barakhamba Road,28.6297833,77.231938,13
18163907,New Delhi,Barakhamba Road,28.62981784,77.22546157,13
18344490,New Delhi,Barakhamba Road,28.6291908,77.2322198,13
18412878,New Delhi,Barakhamba Road,28.637044,77.22947,13
18294263,New Delhi,Barakhamba Road,28.6296552,77.2321395,13
588,New Delhi,Barakhamba Road,28.6297135,77.2321162,13
7150,New Delhi,Barakhamba Road,28.636706,77.23034,13
18264634,New Delhi,Barakhamba Road,28.6296407,77.2319464,13
301534,New Delhi,Barakhamba Road,28.62586289,77.22564027,13
8340,New Delhi,Barakhamba Road,28.6291468,77.2320661,13
18400739,New Delhi,Barakhamba Road,28.6302526,77.2297102,13
304954,New Delhi,Barakhamba Road,28.62948089,77.22556986,13
18400737,New Delhi,Barakhamba Road,28.6305852,77.229817,13
18382583,New Delhi,Barakhamba Road,28.6337562,77.2243937,13
18249122,New Delhi,Barakhamba Road,28.6291992,77.232182,13
7354,New Delhi,"Basant Lok Market, Vasant Vihar",28.55860308,77.16410805,13
9267,New Delhi,"Basant Lok Market, Vasant Vihar",28.55882222,77.16399444,13
7352,New Delhi,"Basant Lok Market, Vasant Vihar",28.55759742,77.16454592,13
304211,New Delhi,"Basant Lok Market, Vasant Vihar",28.55803178,77.16416739,13
262,New Delhi,"Basant Lok Market, Vasant Vihar",28.55750937,77.16408022,13
4621,New Delhi,"Basant Lok Market, Vasant Vihar",28.55735771,77.16383245,13
2134,New Delhi,"Basant Lok Market, Vasant Vihar",28.55749052,77.16335401,13
303472,New Delhi,"Basant Lok Market, Vasant Vihar",28.55915278,77.16345278,13
758,New Delhi,"Basant Lok Market, Vasant Vihar",28.55731442,77.16421165,13
7217,New Delhi,"Basant Lok Market, Vasant Vihar",28.55894144,77.16395449,13
307054,New Delhi,"Basant Lok Market, Vasant Vihar",28.55739275,77.16427334,13
771,New Delhi,"Basant Lok Market, Vasant Vihar",28.55720016,77.16388777,13
171,New Delhi,"Basant Lok Market, Vasant Vihar",28.5574864,77.16365643,13
304675,New Delhi,"Basant Lok Market, Vasant Vihar",28.55722872,77.16364905,13
3269,New Delhi,"Basant Lok Market, Vasant Vihar",28.55756561,77.16416772,13
3935,New Delhi,"Bellagio, Ashok Vihar Phase 2",28.6963277,77.1799244,15
4166,New Delhi,"Bellagio, Ashok Vihar Phase 2",28.6962508,77.1800463,15
3936,New Delhi,"Bellagio, Ashok Vihar Phase 2",28.6963277,77.1799244,15
5227,New Delhi,"Best Western Taurus Hotel, Mahipalpur",28.5488265,77.1271685,14
1862,New Delhi,Bhikaji Cama Place,28.5677783,77.1884602,13
819,New Delhi,Bhikaji Cama Place,28.5692067,77.1870054,13
2236,New Delhi,Bhikaji Cama Place,28.5682092,77.1882805,13
4150,New Delhi,Bhikaji Cama Place,28.56747782,77.18884371,13
6394,New Delhi,Bhikaji Cama Place,28.5680386,77.1883704,13
1867,New Delhi,Bhikaji Cama Place,28.5682072,77.1872056,13
2608,New Delhi,Bhikaji Cama Place,28.567558,77.1884696,13
8388,New Delhi,Bhikaji Cama Place,28.56902165,77.18894932,13
3465,New Delhi,Bhikaji Cama Place,28.56823664,77.18844105,13
301581,New Delhi,"Centaur Hotel, Aerocity",28.543091,77.115196,14
823,New Delhi,Chanakyapuri,28.5841464,77.1918744,13
18421499,New Delhi,Chanakyapuri,28.5850979,77.191515,13
846,New Delhi,Chanakyapuri,28.5842999,77.1916048,13
816,New Delhi,Chanakyapuri,28.5842508,77.1915599,13
4055,New Delhi,Chanakyapuri,28.5851618,77.1912454,13
18312487,New Delhi,Chanakyapuri,28.5834333,77.1909759,13
1630,New Delhi,Chanakyapuri,28.5843608,77.1914283,13
308261,New Delhi,Chanakyapuri,28.6043227,77.1863937,-1
2587,New Delhi,Chanakyapuri,28.5843895,77.1916048,13
849,New Delhi,Chanakyapuri,28.5842508,77.1915599,13
848,New Delhi,Chanakyapuri,28.5842927,77.1917436,13
852,New Delhi,Chanakyapuri,28.5843202,77.191558,13
312194,New Delhi,Chanakyapuri,28.5952992,77.1683666,13
7643,New Delhi,Chanakyapuri,28.6024263,77.1867082,-1
3238,New Delhi,Chanakyapuri,28.6021467,77.1860137,-1
18396184,New Delhi,Chanakyapuri,28.5998612,77.1969056,17
847,New Delhi,Chanakyapuri,28.5843085,77.1916947,13
7575,New Delhi,Chanakyapuri,28.5841379,77.1917845,13
850,New Delhi,Chanakyapuri,28.5841379,77.1917845,13
311856,New Delhi,Chanakyapuri,28.5867665,77.1933486,13
851,New Delhi,Chanakyapuri,28.5830663,77.1908861,13
18228885,New Delhi,Chanakyapuri,28.5795901,77.1863937,13
824,New Delhi,Chanakyapuri,28.5842999,77.1916048,13
301102,New Delhi,Chanakyapuri,28.5985428,77.1971751,17
18238246,New Delhi,Chanakyapuri,28.5974082,77.1735895,13
6003,New Delhi,Chanakyapuri,28.6055182,77.1876516,-1
18469659,New Delhi,Chanakyapuri,28.5986962,77.1980469,17
18288994,New Delhi,Chanakyapuri,28.5830663,77.1908861,13
845,New Delhi,Chanakyapuri,28.5841379,77.1917845,13
18466422,New Delhi,Chanakyapuri,28.5957906,77.1974446,17
815,New Delhi,Chanakyapuri,28.6016137,77.1871125,-1
305296,New Delhi,Chanakyapuri,28.5928569,77.178936,13
6079,New Delhi,Chander Nagar,28.6555014,77.2820446,8
6117,New Delhi,Chander Nagar,28.655449,77.2822063,8
18082202,New Delhi,Chander Nagar,28.6519888,77.2777758,8
308574,New Delhi,Chander Nagar,28.656024,77.2816637,8
6123,New Delhi,Chander Nagar,28.6548389,77.2821725,8
312157,New Delhi,Chander Nagar,28.6536873,77.2779746,8
302490,New Delhi,Chander Nagar,28.6512423,77.2822247,8
304697,New Delhi,Chandni Chowk,28.6564057,77.224214,13
307713,New Delhi,Chandni Chowk,28.6545089,77.2278068,13
18384137,New Delhi,Chandni Chowk,28.663599,77.2094826,13
5459,New Delhi,Chandni Chowk,28.6560115,77.2304115,13
311703,New Delhi,Chandni Chowk,28.6494534,77.2335101,13
308006,New Delhi,Chandni Chowk,28.65688889,77.22398333,13
4053,New Delhi,Chandni Chowk,28.6566711,77.2244176,13
5468,New Delhi,Chandni Chowk,28.6568732,77.2243841,13
5453,New Delhi,Chandni Chowk,28.656851,77.2243823,13
681,New Delhi,Chandni Chowk,28.6606804,77.2280206,13
308008,New Delhi,Chandni Chowk,28.6578654,77.2231981,13
18272386,New Delhi,Chandni Chowk,28.6563302,77.2271781,13
306380,New Delhi,Chandni Chowk,28.658756,77.2234955,13
312936,New Delhi,Chandni Chowk,28.6581203,77.2234057,13
6698,New Delhi,Chandni Chowk,28.65606667,77.23421395,13
9961,New Delhi,Chandni Chowk,28.65664,77.22333167,13
312925,New Delhi,Chandni Chowk,28.6561992,77.2305013,13
18342132,New Delhi,Chandni Chowk,28.66,77.23,13
18323461,New Delhi,Chandni Chowk,28.6565647,77.2268188,13
5466,New Delhi,Chandni Chowk,28.6560495,77.2307138,13
18232088,New Delhi,Chandni Chowk,28.6561097,77.2305013,13
304743,New Delhi,Chandni Chowk,28.6625615,77.2155012,13
18128897,New Delhi,Chandni Chowk,28.6562981,77.2324772,13
18211151,New Delhi,Chandni Chowk,28.6491441,77.233555,13
5460,New Delhi,Chandni Chowk,28.6559026,77.2306151,13
311492,New Delhi,Chandni Chowk,28.656524,77.2320281,13
303643,New Delhi,Chandni Chowk,28.6476635,77.2269535,13
9156,New Delhi,Chandni Chowk,28.6577424,77.222732,13
9160,New Delhi,Chandni Chowk,28.6573856,77.2316689,13
18235302,New Delhi,Chandni Chowk,28.657748,77.223481,13
9157,New Delhi,Chandni Chowk,28.6567032,77.2320281,13
9159,New Delhi,Chandni Chowk,28.6561268,77.2306809,13
6706,New Delhi,Chandni Chowk,28.6562478,77.2328586,13
18082089,New Delhi,Chandni Chowk,28.6566379,77.2233607,13
312693,New Delhi,Chandni Chowk,28.6551819,77.2254715,13
308209,New Delhi,Chandni Chowk,28.6567084,77.2234007,13
306017,New Delhi,Chandni Chowk,28.6563295,77.2323664,13
304737,New Delhi,Chandni Chowk,28.6561525,77.2309504,13
308318,New Delhi,Chandni Chowk,28.6572505,77.2230342,13
552,New Delhi,Chandni Chowk,28.6563106,77.2316689,13
6704,New Delhi,Chandni Chowk,28.6562249,77.2307707,13
309722,New Delhi,Chandni Chowk,28.6556971,77.229983,13
18286206,New Delhi,Chandni Chowk,28.6562039,77.2314893,13
308894,New Delhi,Chandni Chowk,28.6551982,77.2215109,13
7545,New Delhi,Chandni Chowk,28.6561992,77.2305013,13
9165,New Delhi,Chandni Chowk,28.6561321,77.233555,13
5458,New Delhi,Chandni Chowk,28.6561011,77.2304115,13
5467,New Delhi,Chandni Chowk,28.6560207,77.2304674,13
9161,New Delhi,Chandni Chowk,28.6568622,77.2243039,13
302869,New Delhi,Chandni Chowk,28.6566115,77.2320562,13
1889,New Delhi,Chandni Chowk,28.6566371,77.2266392,13
18466395,New Delhi,Chandni Chowk,28.6562432,77.2315132,13
18466396,New Delhi,Chandni Chowk,28.6574304,77.2319961,13
18466402,New Delhi,Chandni Chowk,28.6572972,77.2319612,13
302859,New Delhi,Chandni Chowk,28.6570185,77.2352925,13
308533,New Delhi,Chandni Chowk,28.657811,77.2234506,13
18462596,New Delhi,Chandni Chowk,28.6526767,77.233113,13
18333489,New Delhi,Chandni Chowk,28.6565888,77.2233158,13
18408052,New Delhi,Chandni Chowk,28.65045,77.225538,13
302871,New Delhi,Chandni Chowk,28.6573856,77.2316689,13
18425711,New Delhi,Chandni Chowk,28.6531118,77.2338244,13
300178,New Delhi,Chandni Chowk,28.6566622,77.2235803,13
1155,New Delhi,Chandni Chowk,28.6579744,77.2233575,13
9166,New Delhi,Chandni Chowk,28.6556914,77.2298726,13
18264992,New Delhi,Chandni Chowk,28.653316,77.2322078,13
18282012,New Delhi,Chawri Bazar,28.650566,77.2310851,13
303642,New Delhi,Chawri Bazar,28.6477617,77.2270433,13
18281967,New Delhi,Chawri Bazar,28.6501751,77.2293337,13
18082228,New Delhi,Chawri Bazar,28.6476059,77.2268188,13
301287,New Delhi,Chawri Bazar,28.649513,77.2270883,13
308192,New Delhi,Chawri Bazar,28.6501776,77.2293345,13
306015,New Delhi,Chawri Bazar,28.6494491,77.2273577,13
311002,New Delhi,Chawri Bazar,28.6504067,77.2302935,13
313511,New Delhi,Chawri Bazar,28.6498667,77.2261003,13
311022,New Delhi,Chawri Bazar,28.6493909,77.2268745,13
303644,New Delhi,Chawri Bazar,28.65051,77.2295582,13
307218,New Delhi,Chawri Bazar,28.6504756,77.2303113,13
304018,New Delhi,Chhatarpur,28.49562447,77.16154855,18
18239781,New Delhi,Chittaranjan Park,28.5400835,77.24861238,13
18364354,New Delhi,Chittaranjan Park,28.5399184,77.2518548,13
18175256,New Delhi,Chittaranjan Park,28.53972535,77.25204963,13
7623,New Delhi,Chittaranjan Park,28.54027996,77.24894397,13
17953899,New Delhi,Chittaranjan Park,28.5374979,77.2564223,13
309756,New Delhi,Chittaranjan Park,28.5401398,77.2488511,13
2595,New Delhi,Chittaranjan Park,28.54032355,77.24887993,13
7620,New Delhi,Chittaranjan Park,28.5401027,77.2485628,13
309161,New Delhi,Chittaranjan Park,28.5363941,77.2533122,13
18249081,New Delhi,Chittaranjan Park,28.54140536,77.24785432,13
3632,New Delhi,Chittaranjan Park,28.5364501,77.2534878,13
7602,New Delhi,Chittaranjan Park,28.5401377,77.24898689,13
1712,New Delhi,Chittaranjan Park,28.5364925,77.2534614,13
300984,New Delhi,Chittaranjan Park,28.54001105,77.24858187,13
18354627,New Delhi,Chittaranjan Park,28.5414227,77.2481801,13
301522,New Delhi,Chittaranjan Park,28.5404268,77.2487302,13
4973,New Delhi,Chittaranjan Park,28.53629071,77.2533324,13
3504,New Delhi,Chittaranjan Park,28.53638025,77.25324858,13
301405,New Delhi,Chittaranjan Park,28.5364506,77.2532497,13
18445801,New Delhi,Chittaranjan Park,28.540204,77.248798,13
18355107,New Delhi,Chittaranjan Park,28.5363915,77.2534364,13
18175328,New Delhi,Chittaranjan Park,28.5426944,77.2417726,13
7613,New Delhi,Chittaranjan Park,28.5399215,77.248847,13
7599,New Delhi,Chittaranjan Park,28.53622797,77.25338604,13
302936,New Delhi,Chittaranjan Park,28.5408504,77.2431467,13
4608,New Delhi,Chittaranjan Park,28.5371718,77.248454,13
7636,New Delhi,Chittaranjan Park,28.53622856,77.25329351,13
18373691,New Delhi,Chittaranjan Park,28.53681321,77.2530626,13
7634,New Delhi,Chittaranjan Park,28.5362306,77.2532976,13
306028,New Delhi,Chittaranjan Park,28.5403982,77.2487359,13
311637,New Delhi,Chittaranjan Park,28.5403609,77.2488222,13
18396171,New Delhi,Chittaranjan Park,28.54047929,77.24996019,13
18282004,New Delhi,Chittaranjan Park,28.54036184,77.24868078,13
17989134,New Delhi,Chittaranjan Park,28.5371328,77.2485055,13
18371396,New Delhi,Chittaranjan Park,28.5393728,77.2530302,13
18396942,New Delhi,Chittaranjan Park,28.5366561,77.2533385,13
18311930,New Delhi,Chittaranjan Park,28.5426944,77.2417726,13
7635,New Delhi,Chittaranjan Park,28.5359835,77.25298069,13
7601,New Delhi,Chittaranjan Park,28.5371718,77.2484567,13
309080,New Delhi,Chittaranjan Park,28.53634285,77.25327071,13
1358,New Delhi,Chittaranjan Park,28.53692899,77.2529294,13
5890,New Delhi,"City Centre Mall, Rohini",28.7168739,77.1142232,15
306513,New Delhi,"City Square Mall, Rajouri Garden",28.6501775,77.1232509,16
3089,New Delhi,"City Square Mall, Rajouri Garden",28.6502181,77.123654,16
7061,New Delhi,"City Square Mall, Rajouri Garden",28.650366,77.1233229,16
18466981,New Delhi,Civil Lines,28.671114,77.220848,13
311093,New Delhi,Civil Lines,28.6764039,77.2253817,13
1055,New Delhi,Civil Lines,28.6766555,77.2252021,13
18144470,New Delhi,Civil Lines,28.7027947,77.222238,15
4089,New Delhi,Civil Lines,28.6976361,77.2203223,15
311030,New Delhi,Civil Lines,28.6762903,77.2252161,13
9927,New Delhi,Civil Lines,28.6722125,77.2241691,13
18261146,New Delhi,Civil Lines,28.7028124,77.2222477,15
18424867,New Delhi,Civil Lines,28.7008282,77.2213398,15
18361206,New Delhi,Civil Lines,28.6919529,77.2212499,15
18424863,New Delhi,Civil Lines,28.6726275,77.2224176,13
18361208,New Delhi,Civil Lines,28.6917878,77.2211471,15
18398580,New Delhi,Civil Lines,28.6765107,77.2255613,13
18424871,New Delhi,Civil Lines,28.6975181,77.2204415,15
18245298,New Delhi,Civil Lines,28.6767537,77.2252919,13
2578,New Delhi,"Community Centre, New Friends Colony",28.56171513,77.26811942,13
709,New Delhi,"Community Centre, New Friends Colony",28.5620725,77.2683524,13
1530,New Delhi,"Community Centre, New Friends Colony",28.56150782,77.26825587,13
1401,New Delhi,"Community Centre, New Friends Colony",28.56159321,77.268392,13
602,New Delhi,"Community Centre, New Friends Colony",28.562628,77.2690337,13
18175255,New Delhi,"Community Centre, New Friends Colony",28.5624519,77.26926506,13
2245,New Delhi,"Community Centre, New Friends Colony",28.56128843,77.26820022,13
2585,New Delhi,"Community Centre, New Friends Colony",28.56136028,77.26839837,13
908,New Delhi,"Community Centre, New Friends Colony",28.562384,77.2688013,13
924,New Delhi,"Community Centre, New Friends Colony",28.5614129,77.2684871,13
7715,New Delhi,"Community Centre, New Friends Colony",28.56181849,77.26784986,13
9476,New Delhi,"Community Centre, New Friends Colony",28.56132406,77.2685365,13
7686,New Delhi,"Community Centre, New Friends Colony",28.562686,77.269169,13
305621,New Delhi,"Community Centre, New Friends Colony",28.560994,77.268562,13
1324,New Delhi,"Community Centre, New Friends Colony",28.56217362,77.26831857,13
927,New Delhi,"Community Centre, New Friends Colony",28.56231173,77.26906691,13
929,New Delhi,"Community Centre, New Friends Colony",28.56253759,77.26893816,13
18256780,New Delhi,"Community Centre, New Friends Colony",28.56203051,77.26817206,13
53,New Delhi,Connaught Place,28.6301966,77.2208907,13
307271,New Delhi,Connaught Place,28.63004355,77.22035229,13
596,New Delhi,Connaught Place,28.6329609,77.2198128,13
1127,New Delhi,Connaught Place,28.6348572,77.2194984,13
4237,New Delhi,Connaught Place,28.62925605,77.2321919,13
6357,New Delhi,Connaught Place,28.6305968,77.2298312,13
18124357,New Delhi,Connaught Place,28.6317119,77.2226871,13
2913,New Delhi,Connaught Place,28.6352499,77.2198577,13
3506,New Delhi,Connaught Place,28.6305402,77.2160401,13
6957,New Delhi,Connaught Place,28.6323836,77.2165791,13
304154,New Delhi,Connaught Place,28.6328378,77.2213398,13
320,New Delhi,Connaught Place,28.6356827,77.220409,13
310097,New Delhi,Connaught Place,28.6340485,77.2190044,13
18418277,New Delhi,Connaught Place,28.6332756,77.2226422,13
310143,New Delhi,Connaught Place,28.6343484,77.2221482,13
18357940,New Delhi,Connaught Place,28.63259937,77.22217988,13
300595,New Delhi,Connaught Place,28.6290232,77.2208008,13
55,New Delhi,Connaught Place,28.6324521,77.2172977,13
3168,New Delhi,Connaught Place,28.62986493,77.22061079,13
310448,New Delhi,Connaught Place,28.6327396,77.2212499,13
18237356,New Delhi,Connaught Place,28.63432028,77.21751753,13
303034,New Delhi,Connaught Place,28.63372555,77.21993454,13
18070476,New Delhi,Connaught Place,28.6332522,77.2228667,13
18208892,New Delhi,Connaught Place,28.6346126,77.2211601,13
18157403,New Delhi,Connaught Place,28.6314806,77.2202619,13
18306523,New Delhi,Connaught Place,28.6344973,77.2208907,13
309664,New Delhi,Connaught Place,28.6348977,77.2194535,13
302878,New Delhi,Connaught Place,28.63122333,77.22215876,13
18237315,New Delhi,Connaught Place,28.63146522,77.22035263,13
305453,New Delhi,Connaught Place,28.6320384,77.2228218,13
308804,New Delhi,Connaught Place,28.6339581,77.217118,13
311373,New Delhi,Connaught Place,28.6302469,77.2206488,13
143,New Delhi,Connaught Place,28.6332312,77.2228959,13
308772,New Delhi,Connaught Place,28.62801416,77.22320214,13
7855,New Delhi,Connaught Place,28.6301662,77.2196331,13
66,New Delhi,Connaught Place,28.6336789,77.2210029,13
18235515,New Delhi,Connaught Place,28.63033313,77.22072076,13
18247029,New Delhi,Connaught Place,28.627897,77.223175,13
2298,New Delhi,Connaught Place,28.6340072,77.2223278,13
310490,New Delhi,Connaught Place,28.6335935,77.2226871,13
1896,New Delhi,Connaught Place,28.6318938,77.216129,13
18157384,New Delhi,Connaught Place,28.6324794,77.2161749,13
2903,New Delhi,Connaught Place,28.6350395,77.2218787,13
301653,New Delhi,Connaught Place,28.6305246,77.2196331,13
2195,New Delhi,Connaught Place,28.63136,77.217,13
7367,New Delhi,Connaught Place,28.6340493,77.2208907,13
309586,New Delhi,Connaught Place,28.6320976,77.2163994,13
18398577,New Delhi,Connaught Place,28.6331936,77.222736,13
18435302,New Delhi,Connaught Place,28.63123951,77.21645035,13
9747,New Delhi,Connaught Place,28.63417726,77.21829101,13
312603,New Delhi,Connaught Place,28.6319527,77.2167587,13
177,New Delhi,Connaught Place,28.6323132,77.216411,13
9959,New Delhi,Connaught Place,28.63000833,77.22015667,13
17953940,New Delhi,Connaught Place,28.6303042,77.2208276,13
18441674,New Delhi,Connaught Place,28.6355337,77.2190709,13
307485,New Delhi,Connaught Place,28.6307809,77.2204415,13
311057,New Delhi,Connaught Place,28.630721,77.2198128,13
309955,New Delhi,Connaught Place,28.63089815,77.21980177,13
870,New Delhi,Connaught Place,28.6349788,77.2193637,13
18265711,New Delhi,Connaught Place,28.6312375,77.2205314,13
312601,New Delhi,Connaught Place,28.63430998,77.22071037,13
3393,New Delhi,Connaught Place,28.62845265,77.22263787,13
2504,New Delhi,Connaught Place,28.6308607,77.2180107,13
249,New Delhi,Connaught Place,28.6322176,77.2228218,13
18423119,New Delhi,Connaught Place,28.6306314,77.2198128,13
18255131,New Delhi,Connaught Place,28.620999,77.21826,13
306497,New Delhi,Connaught Place,28.6308511,77.2197679,13
308244,New Delhi,Connaught Place,28.6308473,77.2171077,13
1286,New Delhi,Connaught Place,28.62981696,77.22053636,13
4815,New Delhi,Connaught Place,28.6348681,77.2200822,13
310463,New Delhi,Connaught Place,28.630354,77.2197229,13
5738,New Delhi,Connaught Place,28.6335234,77.2181959,13
302310,New Delhi,Connaught Place,28.62612864,77.21608289,13
5608,New Delhi,Connaught Place,28.6286716,77.22247191,13
307535,New Delhi,Connaught Place,28.63014067,77.22063158,13
302156,New Delhi,Connaught Place,28.6311315,77.222238,13
18238278,New Delhi,Connaught Place,28.629606,77.221744,13
905,New Delhi,Connaught Place,28.6300841,77.2204748,13
18281985,New Delhi,Connaught Place,28.6301834,77.2198128,13
307060,New Delhi,Connaught Place,28.6339511,77.2208008,13
18425735,New Delhi,Connaught Place,28.6315577,77.2210703,13
313256,New Delhi,Connaught Place,28.6303196,77.2207923,13
18337893,New Delhi,Connaught Place,28.6331626,77.2228667,13
307190,New Delhi,Connaught Place,28.6335249,77.2219685,13
309790,New Delhi,Connaught Place,28.63104411,77.21964553,13
1800,New Delhi,Connaught Place,28.6352172,77.2181061,13
301605,New Delhi,Connaught Place,28.63384356,77.22086292,13
3394,New Delhi,Connaught Place,28.6336168,77.221559,13
930,New Delhi,Connaught Place,28.6342534,77.2192738,13
309073,New Delhi,Connaught Place,28.635299,77.2199026,13
18414481,New Delhi,Connaught Place,28.636975,77.23041,13
18469940,New Delhi,Connaught Place,28.637044,77.22947,13
18380361,New Delhi,Connaught Place,28.6302952,77.2296803,13
18241537,New Delhi,Connaught Place,28.63302489,77.22285848,13
309478,New Delhi,Connaught Place,28.63386651,77.22212523,13
7713,New Delhi,Connaught Place,28.6300384,77.2201721,13
301489,New Delhi,Connaught Place,28.62996616,77.22067215,13
18219558,New Delhi,Connaught Place,28.6316714,77.2161897,13
18216915,New Delhi,Connaught Place,28.6299831,77.2205314,13
306913,New Delhi,Connaught Place,28.6324389,77.2162198,13
307036,New Delhi,Connaught Place,28.6309539,77.2208457,13
67,New Delhi,Connaught Place,28.6328105,77.2172977,13
18233593,New Delhi,Connaught Place,28.6323984,77.2214296,13
310123,New Delhi,Connaught Place,28.63298369,77.22193044,13
18198427,New Delhi,Connaught Place,28.6348214,77.2205314,13
18279449,New Delhi,Connaught Place,28.6326547,77.222238,13
18237357,New Delhi,Connaught Place,28.6330645,77.2227769,13
18254558,New Delhi,Connaught Place,28.6304436,77.2197229,13
18246991,New Delhi,Connaught Place,28.63424877,77.22090885,13
309859,New Delhi,Connaught Place,28.6302434,77.2204415,13
18294220,New Delhi,Connaught Place,28.6352499,77.2198577,13
900,New Delhi,Connaught Place,28.6323578,77.2163096,13
18294269,New Delhi,Connaught Place,28.6336429,77.2215438,13
301011,New Delhi,Connaught Place,28.6321771,77.2177019,13
18423151,New Delhi,Connaught Place,28.6355397,77.2191391,13
18454488,New Delhi,Connaught Place,28.6332275,77.2228913,13
308579,New Delhi,Connaught Place,28.62997057,77.22054273,13
910,New Delhi,Connaught Place,28.6324708,77.2212499,13
18216901,New Delhi,Connaught Place,28.63447388,77.22129744,13
301114,New Delhi,Connaught Place,28.6336216,77.2182858,13
4249,New Delhi,Connaught Place,28.6333676,77.2183326,13
18222559,New Delhi,Connaught Place,28.6315156,77.2225074,13
303204,New Delhi,"Crescent Square Mall, Rohini",28.7181477,77.1250143,15
8881,New Delhi,"Crescent Square Mall, Rohini",28.7182809,77.124976,15
310435,New Delhi,"Crescent Square Mall, Rohini",28.7186064,77.125077,15
309051,New Delhi,"Crescent Square Mall, Rohini",28.7183684,77.1248938,15
1258,New Delhi,"Cross River Mall, Karkardooma",28.65784,77.3027142,8
2308,New Delhi,"Cross River Mall, Karkardooma",28.6571108,77.3023283,8
195,New Delhi,"Cross River Mall, Karkardooma",28.657631,77.3022802,8
307940,New Delhi,"Cross River Mall, Karkardooma",28.6576462,77.3022817,8
2299,New Delhi,"Cross River Mall, Karkardooma",28.6567112,77.3018958,8
5997,New Delhi,"Crowne Plaza Hotel, Rohini",28.7208561,77.1104921,15
6030,New Delhi,"Crowne Plaza Hotel, Rohini",28.7203475,77.1104047,15
307362,New Delhi,"Crowne Plaza, Mayur Vihar Phase 1",28.5902478,77.2974845,8
307361,New Delhi,"Crowne Plaza, Mayur Vihar Phase 1",28.590346,77.2975743,8
3105,New Delhi,"D Mall, Netaji Subhash Place",28.6927868,77.1527715,15
9960,New Delhi,"D Mall, Netaji Subhash Place",28.6925129,77.1527796,15
18014114,New Delhi,"D Mall, Netaji Subhash Place",28.6926319,77.1526057,15
3894,New Delhi,"D Mall, Netaji Subhash Place",28.691936,77.1518867,15
306479,New Delhi,"D Mall, Netaji Subhash Place",28.6928645,77.1528346,15
3183,New Delhi,Daryaganj,28.6442398,77.2403806,13
5451,New Delhi,Daryaganj,28.6433222,77.2321629,13
5464,New Delhi,Daryaganj,28.6445896,77.2402908,13
3182,New Delhi,Daryaganj,28.6409469,77.2373386,13
18057826,New Delhi,Daryaganj,28.6464711,77.2402908,13
18275791,New Delhi,Daryaganj,28.6421251,77.2373206,13
18261700,New Delhi,Daryaganj,28.6415395,77.2341388,13
18228864,New Delhi,Daryaganj,28.6461798,77.2442871,13
310792,New Delhi,Daryaganj,28.6437229,77.2405333,13
18222587,New Delhi,Daryaganj,28.6442887,77.2403616,13
309530,New Delhi,Daryaganj,28.62954592,77.2424889,13
5462,New Delhi,Daryaganj,28.6428148,77.2404704,13
3181,New Delhi,Daryaganj,28.6437016,77.240526,13
9912,New Delhi,Daryaganj,28.63814444,77.24076111,13
3180,New Delhi,Daryaganj,28.6411412,77.2360697,13
4092,New Delhi,Daryaganj,28.6435145,77.2402908,13
18261683,New Delhi,Daryaganj,28.6428148,77.2404704,13
4715,New Delhi,Daryaganj,28.6482801,77.2404704,13
481,New Delhi,Daryaganj,28.6461938,77.240201,13
302232,New Delhi,Daryaganj,28.6450853,77.2436136,13
1044,New Delhi,Daryaganj,28.6451749,77.2436136,13
3185,New Delhi,Daryaganj,28.6437405,77.2398417,13
18292467,New Delhi,Daryaganj,28.6450853,77.2436136,13
18390082,New Delhi,Daryaganj,28.6448122,77.2420496,13
18288623,New Delhi,Daryaganj,28.6482292,77.2404428,13
18397709,New Delhi,Daryaganj,28.6444725,77.2414133,13
18294896,New Delhi,Daryaganj,28.6413413,77.2357696,13
6678,New Delhi,Daryaganj,28.6410173,77.2357105,13
18351471,New Delhi,Daryaganj,28.6439042,77.24033283,13
18206818,New Delhi,Daryaganj,28.6452519,77.2444219,13
5463,New Delhi,Daryaganj,28.6411593,77.2400213,13
18345380,New Delhi,Daryaganj,28.6449318,77.243883,13
5450,New Delhi,Daryaganj,28.6448275,77.2420857,13
18292465,New Delhi,Daryaganj,28.644762,77.2419072,13
18292472,New Delhi,Daryaganj,28.6451272,77.2402908,13
18449638,New Delhi,Daryaganj,28.6413034,77.2358133,13
18449640,New Delhi,Daryaganj,28.6477718,77.2400961,13
303637,New Delhi,Daryaganj,28.6440556,77.2402141,13
304181,New Delhi,Daryaganj,28.6480581,77.2400213,13
308183,New Delhi,"DDA Market, Kalu Sarai, Hauz Khas",28.5419032,77.2038911,13
313059,New Delhi,"DDA Market, Kalu Sarai, Hauz Khas",28.5417882,77.204111,13
763,New Delhi,Defence Colony,28.5730331,77.2304115,13
7557,New Delhi,Defence Colony,28.5732507,77.2298726,13
525,New Delhi,Defence Colony,28.5735453,77.230142,13
7561,New Delhi,Defence Colony,28.573494,77.2296031,13
18451576,New Delhi,Defence Colony,28.57750982,77.2385256,13
580,New Delhi,Defence Colony,28.5780492,77.2388538,13
308703,New Delhi,Defence Colony,28.5774602,77.238315,13
60,New Delhi,Defence Colony,28.5740362,77.2305911,13
305123,New Delhi,Defence Colony,28.5765207,77.2318151,13
18265689,New Delhi,Defence Colony,28.57825443,77.23840289,13
199,New Delhi,Defence Colony,28.5661594,77.233061,13
756,New Delhi,Defence Colony,28.5780151,77.2384946,13
309801,New Delhi,Defence Colony,28.5728373,77.234004,13
18433907,New Delhi,Defence Colony,28.573371,77.230527,13
311511,New Delhi,Defence Colony,28.5734984,77.2305911,13
308279,New Delhi,Defence Colony,28.5744159,77.2298726,13
7621,New Delhi,Defence Colony,28.5773705,77.238315,13
306779,New Delhi,Defence Colony,28.5701766,77.2239446,13
312980,New Delhi,Defence Colony,28.5731313,77.2305013,13
18222580,New Delhi,Defence Colony,28.57345367,77.23718248,13
2878,New Delhi,Defence Colony,28.574147,77.2298726,13
8902,New Delhi,Defence Colony,28.5748508,77.2269086,13
18374707,New Delhi,Defence Colony,28.576813,77.238347,13
678,New Delhi,Defence Colony,28.5735538,77.2302318,13
3568,New Delhi,Defence Colony,28.5731228,77.2304115,13
18354969,New Delhi,Defence Colony,28.57772917,77.23895844,13
313242,New Delhi,Defence Colony,28.578638,77.2387472,13
309838,New Delhi,Defence Colony,28.5783096,77.238764,13
437,New Delhi,Defence Colony,28.5777696,77.2382701,13
18303851,New Delhi,Defence Colony,28.5785699,77.2386742,13
307500,New Delhi,Defence Colony,28.572495,77.23684,13
736,New Delhi,Defence Colony,28.5739678,77.2298726,13
18294230,New Delhi,Defence Colony,28.5780065,77.2384048,13
7851,New Delhi,Defence Colony,28.5735915,77.2283618,13
2437,New Delhi,Defence Colony,28.5727962,77.2302768,13
573,New Delhi,Defence Colony,28.5731228,77.2304115,13
9706,New Delhi,Defence Colony,28.5735538,77.2302318,13
1507,New Delhi,Defence Colony,28.5738398,77.2304115,13
302655,New Delhi,Defence Colony,28.5776478,77.2381221,13
705,New Delhi,Defence Colony,28.574066,77.2299624,13
1395,New Delhi,Defence Colony,28.5737416,77.2303217,13
18418273,New Delhi,Defence Colony,28.5783289,77.2385416,13
2067,New Delhi,Defence Colony,28.5735538,77.2302318,13
3492,New Delhi,Defence Colony,28.5782285,77.2388538,13
576,New Delhi,Defence Colony,28.5778529,77.2386742,13
311211,New Delhi,Defence Colony,28.5729435,77.2304115,13
311661,New Delhi,Defence Colony,28.5731228,77.2304115,13
566,New Delhi,Defence Colony,28.5783992,77.238764,13
556,New Delhi,Defence Colony,28.5736434,77.2302318,13
18322644,New Delhi,Defence Colony,28.5739678,77.2298726,13
17953931,New Delhi,Defence Colony,28.5666845,77.2338693,13
18396187,New Delhi,Defence Colony,28.573539,77.23133,13
730,New Delhi,Defence Colony,28.5732124,77.2304115,13
18247032,New Delhi,Defence Colony,28.5731536,77.2305784,13
570,New Delhi,Defence Colony,28.5732124,77.2304115,13
760,New Delhi,Defence Colony,28.5732124,77.2304115,13
134,New Delhi,Defence Colony,28.5735944,77.2301869,13
3039,New Delhi,Defence Colony,28.5667421,77.234004,13
310816,New Delhi,Defence Colony,28.5729411,77.2303467,13
304735,New Delhi,Defence Colony,28.5732529,77.2303666,13
306,New Delhi,Defence Colony,28.5731228,77.2304115,13
312586,New Delhi,Defence Colony,28.5732209,77.2305013,13
451,New Delhi,Defence Colony,28.5735453,77.230142,13
18254518,New Delhi,Defence Colony,28.5735944,77.2301869,13
18419886,New Delhi,Defence Colony,28.5732244,77.2258308,13
8987,New Delhi,Defence Colony,28.5750687,77.2282559,13
18472678,New Delhi,Defence Colony,28.5728608,77.2254202,13
9879,New Delhi,Defence Colony,28.5731519,77.2260104,13
18472675,New Delhi,Defence Colony,28.5740273,77.2286152,13
18355127,New Delhi,Defence Colony,28.5741169,77.2286152,13
18357956,New Delhi,Defence Colony,28.5729113,77.2272935,13
9569,New Delhi,Defence Colony,28.5740102,77.2284355,13
305269,New Delhi,Defence Colony,28.5734471,77.2300522,13
18415346,New Delhi,Defence Colony,28.5735944,77.2301869,13
4268,New Delhi,Defence Colony,28.5737979,77.2301021,13
18350143,New Delhi,Defence Colony,28.5738142,77.230142,13
18161723,New Delhi,Defence Colony,28.57481074,77.23797072,13
18232097,New Delhi,Defence Colony,28.5745182,77.2290642,13
309882,New Delhi,Defence Colony,28.5737426,77.230456,13
303215,New Delhi,Defence Colony,28.5734173,77.2306809,13
18400744,New Delhi,Defence Colony,28.5735538,77.2302318,13
312567,New Delhi,Defence Colony,28.5732529,77.2303666,13
305,New Delhi,Defence Colony,28.5733831,77.2303217,13
18363787,New Delhi,Defence Colony,28.5742151,77.228705,13
305646,New Delhi,Defence Colony,28.5739038,77.230142,13
18419649,New Delhi,Delhi Cantt.,28.59645787,77.13403689,-1
18313109,New Delhi,Delhi Cantt.,28.59346375,77.12170769,-1
18478723,New Delhi,Delhi Cantt.,28.56050598,77.13754522,-1
18348614,New Delhi,Delhi Cantt.,28.59696187,77.13251498,-1
6953,New Delhi,Delhi University-GTB Nagar,28.6952736,77.2039877,15
7691,New Delhi,Delhi University-GTB Nagar,28.7012381,77.208764,15
3252,New Delhi,Delhi University-GTB Nagar,28.6984992,77.2076173,15
18400732,New Delhi,Delhi University-GTB Nagar,28.6956951,77.2041824,15
18337757,New Delhi,Delhi University-GTB Nagar,28.6949468,77.2043172,15
9014,New Delhi,Delhi University-GTB Nagar,28.6984528,77.2063856,15
9453,New Delhi,Delhi University-GTB Nagar,28.69471,77.2041824,15
18273614,New Delhi,Delhi University-GTB Nagar,28.6986347,77.2058893,15
6625,New Delhi,Delhi University-GTB Nagar,28.6985993,77.2058299,15
300869,New Delhi,Delhi University-GTB Nagar,28.7014883,77.2066978,15
18256980,New Delhi,Delhi University-GTB Nagar,28.6896167,77.1968157,15
2279,New Delhi,Delhi University-GTB Nagar,28.7039175,77.2105606,15
307894,New Delhi,Delhi University-GTB Nagar,28.6949494,77.2040261,15
6949,New Delhi,Delhi University-GTB Nagar,28.69692,77.204262,15
311962,New Delhi,Delhi University-GTB Nagar,28.6970729,77.2045418,15
9433,New Delhi,Delhi University-GTB Nagar,28.6958742,77.2041824,15
4065,New Delhi,Delhi University-GTB Nagar,28.6946441,77.2052412,15
5767,New Delhi,Delhi University-GTB Nagar,28.7099688,77.2045418,15
7681,New Delhi,Delhi University-GTB Nagar,28.7012872,77.2088089,15
18395106,New Delhi,Delhi University-GTB Nagar,28.6955226,77.2040656,15
5436,New Delhi,Delhi University-GTB Nagar,28.6950637,77.2127619,15
18370586,New Delhi,Delhi University-GTB Nagar,28.6944781,77.2050359,15
306847,New Delhi,Delhi University-GTB Nagar,28.7022489,77.2057546,15
4857,New Delhi,Delhi University-GTB Nagar,28.6953048,77.2042264,15
4088,New Delhi,Delhi University-GTB Nagar,28.6945186,77.204991,15
9969,New Delhi,Delhi University-GTB Nagar,28.6958019,77.2043621,15
307106,New Delhi,Delhi University-GTB Nagar,28.6961065,77.2041877,15
5909,New Delhi,Delhi University-GTB Nagar,28.6984683,77.2075896,15
2287,New Delhi,Delhi University-GTB Nagar,28.6989923,77.2051324,15
2288,New Delhi,Delhi University-GTB Nagar,28.6989525,77.2049573,15
312391,New Delhi,Delhi University-GTB Nagar,28.6944094,77.2043172,15
302370,New Delhi,Delhi University-GTB Nagar,28.6956951,77.2041824,15
9779,New Delhi,Delhi University-GTB Nagar,28.6983664,77.2062475,15
307387,New Delhi,Delhi University-GTB Nagar,28.69445928,77.20517535,15
18350499,New Delhi,Delhi University-GTB Nagar,28.6991883,77.2048468,15
2290,New Delhi,Delhi University-GTB Nagar,28.6988729,77.2051338,15
18161577,New Delhi,Delhi University-GTB Nagar,28.694839,77.2041413,15
6647,New Delhi,Delhi University-GTB Nagar,28.6963995,77.2044468,15
313267,New Delhi,Delhi University-GTB Nagar,28.6951581,77.2042568,15
5455,New Delhi,Delhi University-GTB Nagar,28.6968859,77.2044507,15
3401,New Delhi,Delhi University-GTB Nagar,28.6959218,77.20421,15
18456762,New Delhi,Delhi University-GTB Nagar,28.694703,77.204109,15
4825,New Delhi,Delhi University-GTB Nagar,28.6951592,77.2042559,15
311674,New Delhi,Delhi University-GTB Nagar,28.6959407,77.207686,15
6646,New Delhi,Delhi University-GTB Nagar,28.6947235,77.2052605,15
304307,New Delhi,Delhi University-GTB Nagar,28.6943941,77.2047986,15
18421487,New Delhi,Delhi University-GTB Nagar,28.69846,77.2076069,15
18277324,New Delhi,Delhi University-GTB Nagar,28.7004311,77.2049915,15
18455950,New Delhi,Delhi University-GTB Nagar,28.7045236,77.2112792,15
18463988,New Delhi,Delhi University-GTB Nagar,28.6979839,77.2050973,15
18463995,New Delhi,Delhi University-GTB Nagar,28.6943776,77.2039851,15
18426904,New Delhi,Delhi University-GTB Nagar,28.7014404,77.2052605,15
18124356,New Delhi,Delhi University-GTB Nagar,28.6960645,77.2132353,15
18420653,New Delhi,Delhi University-GTB Nagar,28.6949307,77.2027451,15
18432553,New Delhi,Delhi University-GTB Nagar,28.68074736,77.20346611,15
18388132,New Delhi,Delhi University-GTB Nagar,28.69248552,77.19461525,15
6608,New Delhi,Delhi University-GTB Nagar,28.710327,77.2045418,15
300883,New Delhi,Delhi University-GTB Nagar,28.6979196,77.2077758,15
3036,New Delhi,Delhi University-GTB Nagar,28.6955728,77.2040764,15
18342940,New Delhi,Delhi University-GTB Nagar,28.6951306,77.2031499,15
6144,New Delhi,Delhi University-GTB Nagar,28.6956238,77.2029696,15
18365861,New Delhi,Delhi University-GTB Nagar,28.6958424,77.2043172,15
304262,New Delhi,Delhi University-GTB Nagar,28.6948159,77.2041921,15
312345,New Delhi,Delhi University-GTB Nagar,28.6949468,77.2043172,15
306407,New Delhi,Delhi University-GTB Nagar,28.6950768,77.2042723,15
7777,New Delhi,"Dilli Haat, INA",28.5730696,77.2063385,13
3167,New Delhi,"Dilli Haat, INA",28.5733089,77.2069673,13
302555,New Delhi,"Dilli Haat, INA",28.57298,77.2063385,13
309841,New Delhi,"Dilli Haat, INA",28.5731135,77.2062293,13
3158,New Delhi,"Dilli Haat, INA",28.5733751,77.2071919,13
7814,New Delhi,"Dilli Haat, INA",28.5736502,77.2067876,13
7770,New Delhi,"Dilli Haat, INA",28.5733557,77.2065181,13
7789,New Delhi,"Dilli Haat, INA",28.573381,77.207032,13
302537,New Delhi,"Dilli Haat, INA",28.5734071,77.2070571,13
7790,New Delhi,"Dilli Haat, INA",28.5733139,77.2072657,13
18025092,New Delhi,"Dilli Haat, INA",28.5733557,77.2065181,13
7768,New Delhi,"Dilli Haat, INA",28.57298,77.2063385,13
302264,New Delhi,"Dilli Haat, INA",28.5731102,77.2062936,13
300975,New Delhi,"Dilli Haat, INA",28.5733557,77.2065181,13
7772,New Delhi,"Dilli Haat, INA",28.5733089,77.2069673,13
7834,New Delhi,"Dilli Haat, INA",28.5730696,77.2063385,13
302542,New Delhi,"Dilli Haat, INA",28.573123,77.2062457,13
7774,New Delhi,"Dilli Haat, INA",28.5731173,77.2062671,13
7769,New Delhi,"Dilli Haat, INA",28.5733237,77.2066529,13
7788,New Delhi,"Dilli Haat, INA",28.5731266,77.2062599,13
309037,New Delhi,Dilshad Garden,28.6840941,77.3263341,8
18454058,New Delhi,Dilshad Garden,28.69405251,77.32792842,8
312579,New Delhi,Dilshad Garden,28.6793527,77.3153088,8
18398753,New Delhi,Dilshad Garden,28.6880418,77.3228257,8
301313,New Delhi,Dilshad Garden,28.6866525,77.3243611,8
301305,New Delhi,Dilshad Garden,28.6812709,77.3133238,8
18124346,New Delhi,Dilshad Garden,28.68787472,77.31063947,8
310664,New Delhi,Dilshad Garden,28.6758998,77.3216767,8
6266,New Delhi,Dilshad Garden,28.6785183,77.3138803,8
5060,New Delhi,Dilshad Garden,28.6760676,77.3219584,8
312566,New Delhi,Dilshad Garden,28.681041,77.3187967,8
18368621,New Delhi,Dilshad Garden,28.680441,77.3165977,8
310319,New Delhi,Dilshad Garden,28.6840123,77.3265239,8
302497,New Delhi,Dilshad Garden,28.6843495,77.3141201,8
302528,New Delhi,Dilshad Garden,28.6760146,77.3218233,8
305209,New Delhi,Dilshad Garden,28.6827502,77.3235369,8
313046,New Delhi,Dilshad Garden,28.68331488,77.31573399,8
313473,New Delhi,Dilshad Garden,28.68426375,77.32611515,8
9817,New Delhi,Dilshad Garden,28.6815286,77.3212477,8
18255138,New Delhi,Dilshad Garden,28.6877871,77.3237521,8
309727,New Delhi,Dilshad Garden,28.6803927,77.3138452,8
18204499,New Delhi,Dilshad Garden,28.6839708,77.3263201,8
311187,New Delhi,Dilshad Garden,28.6780803,77.3149321,8
301498,New Delhi,Dilshad Garden,28.6817639,77.3203722,8
18378033,New Delhi,Dilshad Garden,28.6818859,77.3225314,8
309043,New Delhi,Dilshad Garden,28.6804166,77.3175002,8
308509,New Delhi,Dilshad Garden,28.6781679,77.3135599,8
6242,New Delhi,Dilshad Garden,28.6784414,77.3130113,8
303994,New Delhi,Dilshad Garden,28.6805428,77.3172671,8
9002,New Delhi,Dilshad Garden,28.6755738,77.3220465,8
307364,New Delhi,Dilshad Garden,28.6759651,77.32103,8
18265385,New Delhi,Dilshad Garden,28.6789662,77.31474,8
18424632,New Delhi,Dilshad Garden,28.6826566,77.3174779,8
301316,New Delhi,Dilshad Garden,28.6802106,77.3191771,8
18378032,New Delhi,Dilshad Garden,28.6803726,77.3194607,8
18128881,New Delhi,Dilshad Garden,28.6766439,77.3221198,8
18378035,New Delhi,Dilshad Garden,28.6868371,77.3240717,8
18435806,New Delhi,Dilshad Garden,28.6869556,77.3243518,8
18435819,New Delhi,Dilshad Garden,28.6806456,77.3200498,8
18376475,New Delhi,Dilshad Garden,28.68393079,77.32285928,8
18378043,New Delhi,Dilshad Garden,28.6806874,77.3179939,8
18424636,New Delhi,Dilshad Garden,28.6804081,77.3174105,8
18424625,New Delhi,Dilshad Garden,28.6806468,77.3180387,8
18377889,New Delhi,Dilshad Garden,28.67811889,77.30874181,8
18435822,New Delhi,Dilshad Garden,28.6808405,77.3182032,8
18429577,New Delhi,Dilshad Garden,28.6784646,77.3151641,8
18424642,New Delhi,Dilshad Garden,28.68845296,77.31044468,8
18378039,New Delhi,Dilshad Garden,28.6785109,77.3150927,8
18378037,New Delhi,Dilshad Garden,28.68780825,77.30951831,8
311037,New Delhi,Dilshad Garden,28.65281944,77.29831667,8
18435816,New Delhi,Dilshad Garden,28.6859527,77.3227227,8
18128868,New Delhi,Dilshad Garden,28.68853914,77.30948444,8
18350160,New Delhi,Dilshad Garden,28.68710648,77.31081113,8
18378030,New Delhi,Dilshad Garden,28.6817083,77.3207312,8
18209806,New Delhi,Dilshad Garden,28.67788563,77.30820905,8
18153563,New Delhi,Dilshad Garden,28.67810565,77.30849136,8
357,New Delhi,"District Centre, Janakpuri",28.6301104,77.0800517,16
8453,New Delhi,"District Centre, Janakpuri",28.6301427,77.0813721,16
306856,New Delhi,"District Centre, Janakpuri",28.6301924,77.0807745,16
18332009,New Delhi,"District Centre, Janakpuri",28.6298202,77.0815256,16
6875,New Delhi,"District Centre, Janakpuri",28.6305419,77.0813133,16
2530,New Delhi,"District Centre, Janakpuri",28.6300877,77.0818722,16
5260,New Delhi,"DLF City Centre Mall, Shalimar Bagh",28.7029361,77.1582677,15
3224,New Delhi,"DLF City Centre Mall, Shalimar Bagh",28.7030171,77.1581778,15
5293,New Delhi,"DLF City Centre Mall, Shalimar Bagh",28.7029361,77.1582677,15
307578,New Delhi,"DLF City Centre Mall, Shalimar Bagh",28.7029534,77.1581925,15
18445798,New Delhi,"DLF City Centre Mall, Shalimar Bagh",28.7029971,77.1581943,15
4919,New Delhi,"DLF Emporio Mall, Vasant Kunj",28.54283324,77.15665989,13
4921,New Delhi,"DLF Emporio Mall, Vasant Kunj",28.54370415,77.15718493,13
307321,New Delhi,"DLF Place Mall, Saket",28.527655,77.2170282,13
2616,New Delhi,"DLF Place Mall, Saket",28.52890209,77.21589714,13
302212,New Delhi,"DLF Place Mall, Saket",28.5281701,77.2166406,13
3814,New Delhi,"DLF Place Mall, Saket",28.52888088,77.21593738,13
8201,New Delhi,"DLF Place Mall, Saket",28.52822812,77.21688252,13
306571,New Delhi,"DLF Place Mall, Saket",28.52766814,77.21723221,13
2300,New Delhi,"DLF Place Mall, Saket",28.52844757,77.21655529,13
3719,New Delhi,"DLF Place Mall, Saket",28.52857924,77.21612245,13
9720,New Delhi,"DLF Place Mall, Saket",28.53230279,77.21922308,13
3192,New Delhi,"DLF Place Mall, Saket",28.52817627,77.21779615,13
305781,New Delhi,"DLF Place Mall, Saket",28.52799453,77.21694253,13
18337927,New Delhi,"DLF Place Mall, Saket",28.52888088,77.21593738,13
2615,New Delhi,"DLF Promenade Mall, Vasant Kunj",28.5429069,77.1555539,13
2893,New Delhi,"DLF Promenade Mall, Vasant Kunj",28.54273752,77.15549883,13
18237314,New Delhi,"DLF Promenade Mall, Vasant Kunj",28.54284148,77.15574123,13
2436,New Delhi,"DLF Promenade Mall, Vasant Kunj",28.542494,77.15598,13
306572,New Delhi,"DLF Promenade Mall, Vasant Kunj",28.54270924,77.15693682,13
2301,New Delhi,"DLF Promenade Mall, Vasant Kunj",28.5427394,77.1553105,13
312542,New Delhi,"DLF Promenade Mall, Vasant Kunj",28.5427387,77.15570837,13
310887,New Delhi,"DLF Promenade Mall, Vasant Kunj",28.54268656,77.15590451,13
7256,New Delhi,"DLF Promenade Mall, Vasant Kunj",28.54235257,77.15617541,13
8593,New Delhi,"DLF Promenade Mall, Vasant Kunj",28.54260469,77.15601213,13
311353,New Delhi,"DLF Promenade Mall, Vasant Kunj",28.54234722,77.15557222,13
311423,New Delhi,"DLF Promenade Mall, Vasant Kunj",28.54260027,77.15613483999999,13
7247,New Delhi,"DLF Promenade Mall, Vasant Kunj",28.54264798,77.15556856,13
8396,New Delhi,"DLF South Square, Sarojini Nagar",28.576014,77.194929,13
308544,New Delhi,"DLF South Square, Sarojini Nagar",28.5762189,77.1951986,13
301237,New Delhi,"DLF South Square, Sarojini Nagar",28.5761036,77.194929,13
300408,New Delhi,"DLF South Square, Sarojini Nagar",28.5763982,77.1951986,13
9657,New Delhi,"DLF South Square, Sarojini Nagar",28.576014,77.194929,13
18370535,New Delhi,"DLF South Square, Sarojini Nagar",28.5761036,77.194929,13
307167,New Delhi,"DLF South Square, Sarojini Nagar",28.5762189,77.1951986,13
303264,New Delhi,Dr. Zakir Hussain Marg,28.6021693,77.2374755,13
9886,New Delhi,East of Kailash,28.55948889,77.25664444,13
9891,New Delhi,East of Kailash,28.55597567,77.25142501,13
9887,New Delhi,East of Kailash,28.55600833,77.25097778,13
7893,New Delhi,East of Kailash,28.558244,77.245962,13
18266888,New Delhi,East of Kailash,28.55801293,77.24570923,13
7884,New Delhi,East of Kailash,28.55561316,77.25065019,13
7897,New Delhi,East of Kailash,28.5564445,77.25350372,13
18391937,New Delhi,East of Kailash,28.555408,77.251334,13
7888,New Delhi,East of Kailash,28.559209,77.256582,13
18037834,New Delhi,East of Kailash,28.5618466,77.2540139,13
312605,New Delhi,East of Kailash,28.562469,77.24476,13
7876,New Delhi,East of Kailash,28.55546709,77.24970538,13
18358157,New Delhi,East of Kailash,28.5532108,77.2474937,13
18272344,New Delhi,East of Kailash,28.5573496,77.2460754,13
18458308,New Delhi,East of Kailash,28.556008,77.248986,13
4302,New Delhi,East of Kailash,28.55559431,77.24965878,13
7886,New Delhi,East of Kailash,28.5566725,77.2534918,13
7873,New Delhi,East of Kailash,28.55942527,77.25683268,13
303625,New Delhi,East of Kailash,28.55691625,77.2515556,13
310794,New Delhi,East of Kailash,28.5530398,77.2475416,13
920,New Delhi,East of Kailash,28.55872293,77.24604115,13
18381237,New Delhi,East of Kailash,28.55342536,77.24759415,13
18371426,New Delhi,East of Kailash,28.560028,77.254524,13
312173,New Delhi,East of Kailash,28.55854948,77.24581651,13
9883,New Delhi,East of Kailash,28.55692569,77.25370757,13
18355117,New Delhi,East of Kailash,28.55566852,77.24972282,13
18355119,New Delhi,East of Kailash,28.55838722,77.24579573,13
18414496,New Delhi,East of Kailash,28.5540294,77.2480855,13
18409218,New Delhi,East of Kailash,28.557711,77.2529833,13
18388133,New Delhi,East of Kailash,28.5543714,77.2475006,13
18356776,New Delhi,East of Kailash,28.55558547,77.25076921,13
9884,New Delhi,East of Kailash,28.5554023,77.24972147,13
3479,New Delhi,East of Kailash,28.55813632,77.24595934,13
18414469,New Delhi,East of Kailash,28.5590781,77.2460453,13
313419,New Delhi,East of Kailash,28.55696162,77.25373641,13
18358162,New Delhi,East of Kailash,28.55974625,77.24382263,13
18355111,New Delhi,East of Kailash,28.55569767,77.24882092,13
18355115,New Delhi,East of Kailash,28.55550213,77.24957529,13
18273617,New Delhi,East of Kailash,28.55600306,77.25070518,13
18357958,New Delhi,East of Kailash,28.5617082,77.2539276,13
18419884,New Delhi,East of Kailash,35.0,34.0,-1
9876,New Delhi,East of Kailash,28.55863333,77.24595,13
18312598,New Delhi,East of Kailash,28.5562573,77.2446488,13
18454461,New Delhi,East of Kailash,28.560295,77.250781,13
8959,New Delhi,East of Kailash,28.55602603,77.25135762,13
304176,New Delhi,East Patel Nagar,28.6448006,77.1735895,13
8822,New Delhi,East Patel Nagar,28.6455402,77.1698272,13
511,New Delhi,East Patel Nagar,28.6455589,77.1731083,13
309166,New Delhi,East Patel Nagar,28.6441003,77.1747039,13
18268708,New Delhi,East Patel Nagar,28.6428518,77.1743426,13
18265722,New Delhi,East Patel Nagar,28.6457029,77.1741932,13
309013,New Delhi,East Patel Nagar,28.6452593,77.1726854,13
305077,New Delhi,East Patel Nagar,28.6440161,77.1724967,13
5262,New Delhi,East Patel Nagar,28.6449368,77.1696522,13
7375,New Delhi,East Patel Nagar,28.6457707,77.1743474,13
18337880,New Delhi,East Patel Nagar,28.64428733,77.17413515,13
306978,New Delhi,East Patel Nagar,28.6452876,77.172769,13
18312478,New Delhi,East Patel Nagar,28.6447002,77.1737102,13
3979,New Delhi,East Patel Nagar,28.6461308,77.1736976,13
18336207,New Delhi,East Patel Nagar,28.6445596,77.1716041,13
7377,New Delhi,East Patel Nagar,28.6439265,77.1728444,13
307506,New Delhi,East Patel Nagar,28.6458084,77.1740625,13
3125,New Delhi,East Patel Nagar,28.6462535,77.1733197,13
305674,New Delhi,East Patel Nagar,28.6453787,77.1738098,13
18391167,New Delhi,East Patel Nagar,28.6458375,77.1741502,13
8727,New Delhi,East Patel Nagar,28.645748,77.1741204,13
3980,New Delhi,East Patel Nagar,28.6463295,77.1730339,13
312183,New Delhi,East Patel Nagar,28.6446627,77.1738144,13
311945,New Delhi,East Patel Nagar,28.6439586,77.1746349,13
3126,New Delhi,East Patel Nagar,28.6456229,77.1732263,13
18475269,New Delhi,East Patel Nagar,28.6444715,77.17371749,13
303124,New Delhi,East Patel Nagar,28.6458333,77.173298,13
18034042,New Delhi,East Patel Nagar,28.6463046,77.1731998,13
201,New Delhi,East Patel Nagar,28.6453402,77.1726202,13
303575,New Delhi,East Patel Nagar,28.6449373,77.1695686,13
410,New Delhi,East Patel Nagar,28.6438411,77.1760203,13
308107,New Delhi,East Patel Nagar,28.6440899,77.1746447,13
4885,New Delhi,East Patel Nagar,28.6448457,77.1701447,13
18273627,New Delhi,East Patel Nagar,28.6455073,77.1742239,13
311539,New Delhi,East Patel Nagar,28.6462385,77.1734166,13
2635,New Delhi,East Patel Nagar,28.6446415,77.1738702,13
18237962,New Delhi,East Patel Nagar,28.6446394,77.1736557,13
18261486,New Delhi,East Patel Nagar,28.6449035,77.1765254,13
18423116,New Delhi,East Patel Nagar,28.6460949,77.1734122,13
18423112,New Delhi,East Patel Nagar,28.6448988,77.1734844,13
18258777,New Delhi,East Patel Nagar,28.6456517,77.1744155,13
304531,New Delhi,East Patel Nagar,28.6435077,77.1756282,13
18420433,New Delhi,East Patel Nagar,28.6447299,77.1738594,13
17977786,New Delhi,East Patel Nagar,28.6469458,77.1702997,13
18412868,New Delhi,East Patel Nagar,28.6446442,77.1737234,13
311216,New Delhi,East Patel Nagar,28.6448934,77.176511,13
311327,New Delhi,East Patel Nagar,28.6460278,77.1738744,13
7372,New Delhi,East Patel Nagar,28.6447151,77.1737481,13
306016,New Delhi,"Epicuria Food Mall, Nehru Place",28.5514411,77.2517407,13
304906,New Delhi,"Epicuria Food Mall, Nehru Place",28.551456,77.2514264,13
18447890,New Delhi,"Epicuria Food Mall, Nehru Place",28.5514005,77.2517856,13
18375391,New Delhi,"Epicuria Food Mall, Nehru Place",28.5514411,77.2517407,13
18355123,New Delhi,"Epicuria Food Mall, Nehru Place",28.5514411,77.2517407,13
304915,New Delhi,"Epicuria Food Mall, Nehru Place",28.551456,77.2514264,13
304913,New Delhi,"Epicuria Food Mall, Nehru Place",28.551456,77.2514264,13
304923,New Delhi,"Epicuria Food Mall, Nehru Place",28.551456,77.2514264,13
309738,New Delhi,"Epicuria Food Mall, Nehru Place",28.551456,77.2514264,13
18261188,New Delhi,"Epicuria Food Mall, Nehru Place",28.5511401,77.2518754,13
18336192,New Delhi,"Epicuria Food Mall, Nehru Place",28.5514176,77.2519652,13
18277187,New Delhi,"Epicuria Food Mall, Nehru Place",28.551456,77.2514264,13
18381663,New Delhi,"Epicuria Food Mall, Nehru Place",28.551456,77.2514264,13
304917,New Delhi,"Epicuria Food Mall, Nehru Place",28.551456,77.2514264,13
306031,New Delhi,"Epicuria Food Mall, Nehru Place",28.551456,77.2514264,13
18180083,New Delhi,"Epicuria Food Mall, Nehru Place",28.5514005,77.2517856,13
18336213,New Delhi,"Epicuria Food Mall, Nehru Place",28.551471,77.2511121,13
304239,New Delhi,"Epicuria Food Mall, Nehru Place",28.5512512,77.251157,13
18294261,New Delhi,"Epicuria Food Mall, Nehru Place",28.5513364,77.252055,13
305240,New Delhi,"Epicuria Food Mall, Nehru Place",28.5515157,77.252055,13
304299,New Delhi,"Epicuria Food Mall, Nehru Place",28.5514517,77.2523244,13
305547,New Delhi,"Eros Hotel, Nehru Place",28.5499322,77.2495406,13
305545,New Delhi,"Eros Hotel, Nehru Place",28.5499322,77.2495406,13
305549,New Delhi,"Eros Hotel, Nehru Place",28.5495074,77.2493161,13
305546,New Delhi,"Eros Hotel, Nehru Place",28.5498255,77.249361,13
305548,New Delhi,"Eros Hotel, Nehru Place",28.5500815,77.2501692,13
9640,New Delhi,Essex Farms,28.5437894,77.2011867,13
6200,New Delhi,Essex Farms,28.5439726,77.2014089,13
18128883,New Delhi,Essex Farms,28.5436328,77.2021829,13
305810,New Delhi,Feroze Shah Road,28.6171268,77.225247,13
4631,New Delhi,Feroze Shah Road,28.6171019,77.225522,13
302682,New Delhi,Friends Colony,28.570351,77.268165,13
2004,New Delhi,Friends Colony,28.570142,77.257106,13
18359294,New Delhi,"Fun City Mall, Prashant Vihar",28.7125231,77.1359778,15
18359292,New Delhi,"Fun City Mall, Prashant Vihar",28.7124335,77.1359778,15
18441790,New Delhi,"Fun City Mall, Prashant Vihar",28.7124394,77.1359944,15
4283,New Delhi,"Garden of Five Senses, Saket",28.51423729,77.19707139,13
18335816,New Delhi,Geeta Colony,28.65770835,77.27527589,8
17977792,New Delhi,Geeta Colony,28.6588784,77.27280054,8
301214,New Delhi,Geeta Colony,28.6506052,77.2743231,8
303860,New Delhi,Geeta Colony,28.6503577,77.2742445,8
18244236,New Delhi,Geeta Colony,28.65482657,77.27558903,8
305577,New Delhi,Geeta Colony,28.6529689,77.2709113,8
18014118,New Delhi,Geeta Colony,28.65092671,77.2749795,8
5996,New Delhi,Geeta Colony,28.6529662,77.2708084,8
313487,New Delhi,Geeta Colony,28.65782692,77.27389522,8
313004,New Delhi,Geeta Colony,28.65745298,77.2739834,8
312942,New Delhi,Geeta Colony,28.65791871,77.27375876,8
309168,New Delhi,Geeta Colony,28.65345053,77.27286156,8
312943,New Delhi,Geeta Colony,28.65758714,77.2740471,8
18377929,New Delhi,Geeta Colony,28.6576701,77.27334738,8
18435335,New Delhi,Geeta Colony,28.6509219,77.276516,8
18435787,New Delhi,Geeta Colony,28.656203,77.2705947,8
18435331,New Delhi,Geeta Colony,28.6465239,77.2772052,8
18438446,New Delhi,Geeta Colony,28.6598571,77.2665213,8
18454568,New Delhi,Geeta Colony,28.65482831,77.27064716,8
18421462,New Delhi,Geeta Colony,28.6541382,77.2743467,8
18435303,New Delhi,Geeta Colony,28.6509197,77.2765693,8
18435314,New Delhi,Geeta Colony,28.6507753,77.2767689,8
18435315,New Delhi,Geeta Colony,28.6506851,77.2767586,8
18418234,New Delhi,Geeta Colony,28.6543108,77.2741884,8
18421470,New Delhi,Geeta Colony,28.6545768,77.2766789,8
18378015,New Delhi,Geeta Colony,28.65821556,77.27505159,8
18460925,New Delhi,"Ginger Hotel, Vivek Vihar",28.665829,77.303949,8
9909,New Delhi,"Ginger Hotel, Vivek Vihar",28.665829,77.303949,8
18423111,New Delhi,"Gourmet Hub, Pashim Vihar",28.6681812,77.1120546,16
18469938,New Delhi,Greater Kailash (GK) 1,28.5564122,77.2328365,13
651,New Delhi,Greater Kailash (GK) 1,28.5497703,77.2365188,13
17953916,New Delhi,Greater Kailash (GK) 1,28.5510721,77.2341837,13
18168168,New Delhi,Greater Kailash (GK) 1,28.5508438,77.2341388,13
7589,New Delhi,Greater Kailash (GK) 1,28.5502291,77.2352165,13
1934,New Delhi,Greater Kailash (GK) 1,28.5504788,77.2345429,13
4385,New Delhi,Greater Kailash (GK) 1,28.5467137,77.2439728,13
309477,New Delhi,Greater Kailash (GK) 1,28.5501971,77.2353512,13
9835,New Delhi,Greater Kailash (GK) 1,28.5462678,77.2440227,13
147,New Delhi,Greater Kailash (GK) 1,28.5505215,77.234992,13
18237320,New Delhi,Greater Kailash (GK) 1,28.5510276,77.234278,13
9980,New Delhi,Greater Kailash (GK) 1,28.5469314,77.243434,13
732,New Delhi,Greater Kailash (GK) 1,28.5493861,77.2362493,13
311515,New Delhi,Greater Kailash (GK) 1,28.5502088,77.2350504,13
309520,New Delhi,Greater Kailash (GK) 1,28.5504467,77.2327916,13
18400736,New Delhi,Greater Kailash (GK) 1,28.54163598,77.24070288,13
311584,New Delhi,Greater Kailash (GK) 1,28.54865381,77.24227265,13
702,New Delhi,Greater Kailash (GK) 1,28.5484106,77.2368331,13
18313122,New Delhi,Greater Kailash (GK) 1,28.5500924,77.2337795,13
309156,New Delhi,Greater Kailash (GK) 1,28.5563311,77.2329263,13
18268706,New Delhi,Greater Kailash (GK) 1,28.54763391,77.24445798,13
18415352,New Delhi,Greater Kailash (GK) 1,28.54967193,77.23642308,13
3620,New Delhi,Greater Kailash (GK) 1,28.5566428,77.2333753,13
1902,New Delhi,Greater Kailash (GK) 1,28.5564784,77.233061,13
18434596,New Delhi,Greater Kailash (GK) 1,28.56002689,77.23497704,13
311671,New Delhi,Greater Kailash (GK) 1,28.5502611,77.2350818,13
2653,New Delhi,Greater Kailash (GK) 1,28.5501728,77.2330661,13
18377926,New Delhi,Greater Kailash (GK) 1,28.54953822,77.23671846,13
309820,New Delhi,Greater Kailash (GK) 1,28.5499281,77.2334652,13
18034050,New Delhi,Greater Kailash (GK) 1,28.5496144,77.2362942,13
18382372,New Delhi,Greater Kailash (GK) 1,28.5499293,77.2334786,13
302478,New Delhi,Greater Kailash (GK) 1,28.5510721,77.2341837,13
9840,New Delhi,Greater Kailash (GK) 1,28.5453005,77.2470262,13
18279463,New Delhi,Greater Kailash (GK) 1,28.5351803,77.2127245,13
18317517,New Delhi,Greater Kailash (GK) 1,28.5503422,77.234992,13
1215,New Delhi,Greater Kailash (GK) 1,28.5468097,77.2435687,13
18241531,New Delhi,Greater Kailash (GK) 1,28.5498001,77.2358901,13
3589,New Delhi,Greater Kailash (GK) 1,28.5499281,77.2334652,13
1056,New Delhi,Greater Kailash (GK) 1,28.5508679,77.2344254,13
5797,New Delhi,Greater Kailash (GK) 1,28.5494743,77.2362677,13
300007,New Delhi,Greater Kailash (GK) 1,28.556472,77.2334652,13
303288,New Delhi,Greater Kailash (GK) 1,28.5497965,77.23637111,13
18371438,New Delhi,Greater Kailash (GK) 1,28.5568711,77.2334203,13
308766,New Delhi,Greater Kailash (GK) 1,28.5503337,77.2349022,13
18203180,New Delhi,Greater Kailash (GK) 1,28.5563909,77.233555,13
305166,New Delhi,Greater Kailash (GK) 1,28.550003,77.2337434,13
18291475,New Delhi,Greater Kailash (GK) 1,28.5496806,77.2365188,13
311737,New Delhi,Greater Kailash (GK) 1,28.550513,77.2349022,13
18363391,New Delhi,Greater Kailash (GK) 1,28.556869,77.2329263,13
18271497,New Delhi,Greater Kailash (GK) 1,28.5482151,77.240961,13
18456728,New Delhi,Greater Kailash (GK) 1,28.550974,77.2340939,13
310776,New Delhi,Greater Kailash (GK) 1,28.5503508,77.2350818,13
18456764,New Delhi,Greater Kailash (GK) 1,28.5577145,77.2399315,13
18418209,New Delhi,Greater Kailash (GK) 1,28.54727,77.244433,13
18382342,New Delhi,Greater Kailash (GK) 1,28.5495184,77.2366984,13
312302,New Delhi,Greater Kailash (GK) 1,28.5482719,77.2405602,13
18312632,New Delhi,Greater Kailash (GK) 1,28.54954205,77.23670874,13
18386761,New Delhi,Greater Kailash (GK) 1,28.5497745,77.2356207,13
307065,New Delhi,Greater Kailash (GK) 1,28.54944192,77.23633256,13
9834,New Delhi,Greater Kailash (GK) 1,28.5469731,77.2439536,13
18025105,New Delhi,Greater Kailash (GK) 1,28.55668362,77.25337565,13
18396409,New Delhi,Greater Kailash (GK) 1,28.54963187,77.23635536,13
18365895,New Delhi,Greater Kailash (GK) 1,28.538071,77.259616,13
308865,New Delhi,Greater Kailash (GK) 1,28.5567356,77.2327504,13
18278203,New Delhi,Greater Kailash (GK) 2,28.541704,77.2388987,13
305652,New Delhi,Greater Kailash (GK) 2,28.541887,77.240404,13
4299,New Delhi,Greater Kailash (GK) 2,28.5307774,77.2457042,13
18423108,New Delhi,Greater Kailash (GK) 2,28.5367217,77.2385097,13
17953926,New Delhi,Greater Kailash (GK) 2,28.5398536,77.240072,13
310321,New Delhi,Greater Kailash (GK) 2,28.5331658,77.2414931,13
69,New Delhi,Greater Kailash (GK) 2,28.5339137,77.2431379,13
202,New Delhi,Greater Kailash (GK) 2,28.5321867,77.2428374,13
309902,New Delhi,Greater Kailash (GK) 2,28.53412,77.24218,13
1916,New Delhi,Greater Kailash (GK) 2,28.5306584,77.2460449,13
5735,New Delhi,Greater Kailash (GK) 2,28.5386726,77.2400467,13
2591,New Delhi,Greater Kailash (GK) 2,28.5378256,77.2391233,13
306264,New Delhi,Greater Kailash (GK) 2,28.5343238,77.2432885,13
305817,New Delhi,Greater Kailash (GK) 2,28.5345941,77.2432392,13
18432940,New Delhi,Greater Kailash (GK) 2,28.5335013,77.2420436,13
311690,New Delhi,Greater Kailash (GK) 2,28.5281318,77.2457421,13
309072,New Delhi,Greater Kailash (GK) 2,28.5375972,77.2391222,13
18277002,New Delhi,Greater Kailash (GK) 2,28.5376881,77.2390081,13
18433883,New Delhi,Greater Kailash (GK) 2,28.527611,77.2504814,13
301435,New Delhi,Greater Kailash (GK) 2,28.5375623,77.2390211,13
18352256,New Delhi,Greater Kailash (GK) 2,28.5410272,77.2398689,13
308367,New Delhi,Greater Kailash (GK) 2,28.5328212,77.243265,13
309741,New Delhi,Greater Kailash (GK) 2,28.5341433,77.2435154,13
18241869,New Delhi,Greater Kailash (GK) 2,28.5335898,77.2441084,13
305125,New Delhi,Greater Kailash (GK) 2,28.5322514,77.2427665,13
312270,New Delhi,Greater Kailash (GK) 2,28.5400134,77.2399764,13
18249082,New Delhi,Greater Kailash (GK) 2,28.5333292,77.2437527,13
18279452,New Delhi,Greater Kailash (GK) 2,28.5413133,77.2398703,13
305303,New Delhi,Greater Kailash (GK) 2,28.5373191,77.2389367,13
18354645,New Delhi,Greater Kailash (GK) 2,28.5341539,77.2432781,13
1218,New Delhi,Greater Kailash (GK) 2,28.5328167,77.2431781,13
8429,New Delhi,Greater Kailash (GK) 2,28.5345364,77.2436699,13
7819,New Delhi,Greater Kailash (GK) 2,28.5409162,77.2401507,13
785,New Delhi,Greater Kailash (GK) 2,28.5337162,77.2432456,13
312486,New Delhi,Greater Kailash (GK) 2,28.54125928,77.24002328,13
1922,New Delhi,Greater Kailash (GK) 2,28.5306722,77.2456868,13
7642,New Delhi,Greater Kailash (GK) 2,28.5329663,77.2434692,13
64,New Delhi,Greater Kailash (GK) 2,28.5342023,77.2431861,13
18413250,New Delhi,Greater Kailash (GK) 2,28.5332835,77.2418472,13
312787,New Delhi,Greater Kailash (GK) 2,28.5331306,77.241504,13
3611,New Delhi,Greater Kailash (GK) 2,28.5399106,77.2400539,13
309815,New Delhi,Greater Kailash (GK) 2,28.54047022,77.24028882,13
1018,New Delhi,Greater Kailash (GK) 2,28.5373346,77.2386742,13
8689,New Delhi,Greater Kailash (GK) 2,28.5328936,77.2434648,13
18383512,New Delhi,Greater Kailash (GK) 2,28.5342396,77.2431486,13
308238,New Delhi,Greater Kailash (GK) 2,28.540691,77.2400419,13
5944,New Delhi,Greater Kailash (GK) 2,28.5394362,77.2400534,13
285,New Delhi,Greater Kailash (GK) 2,28.5323086,77.2426617,13
304635,New Delhi,Greater Kailash (GK) 2,28.5337643,77.2425286,13
1021,New Delhi,Greater Kailash (GK) 2,28.5393522,77.2401571,13
307532,New Delhi,Greater Kailash (GK) 2,28.5340181,77.2428767,13
1913,New Delhi,Greater Kailash (GK) 2,28.5340197,77.243348,13
311601,New Delhi,Greater Kailash (GK) 2,28.53412,77.24218,13
18254553,New Delhi,Greater Kailash (GK) 2,28.5345667,77.2437305,13
4821,New Delhi,Greater Kailash (GK) 2,28.5334703,77.2436254,13
308018,New Delhi,Greater Kailash (GK) 2,28.5335584,77.242033,13
310342,New Delhi,Greater Kailash (GK) 2,28.5370786,77.2386784,13
307344,New Delhi,Greater Kailash (GK) 2,28.5378735,77.238998,13
307801,New Delhi,Greater Kailash (GK) 2,28.5335863,77.2421548,13
18462002,New Delhi,Greater Kailash (GK) 2,28.53712778,77.23869669,13
18208886,New Delhi,Greater Kailash (GK) 2,28.533561,77.2422778,13
18435305,New Delhi,Greater Kailash (GK) 2,28.5336924,77.2434183,13
18260641,New Delhi,Greater Kailash (GK) 2,28.5335082,77.2445203,13
18349921,New Delhi,Greater Kailash (GK) 2,28.5417418,77.23985,13
18380149,New Delhi,Greater Kailash (GK) 2,28.5339436,77.2429111,13
2649,New Delhi,Greater Kailash (GK) 2,28.5388101,77.2400353,13
601,New Delhi,Greater Kailash (GK) 3,28.53698056,77.236,13
309105,New Delhi,Greater Kailash (GK) 3,28.53722177,77.23596912,13
18089222,New Delhi,Greater Kailash (GK) 3,28.53732191,77.23567978,13
309688,New Delhi,Greater Kailash (GK) 3,28.54053208,77.233935,13
18334422,New Delhi,Green Park,28.5565678,77.2024756,13
18365388,New Delhi,Green Park,28.557068,77.2049011,13
18312607,New Delhi,Green Park,28.5569719,77.2069091,13
18429154,New Delhi,Green Park,28.5571577,77.2049011,13
203,New Delhi,Green Park,28.5565998,77.2023408,13
18414479,New Delhi,Green Park,28.557068,77.2049011,13
1625,New Delhi,Green Park,28.5583275,77.2058893,13
2899,New Delhi,Green Park,28.5530579,77.2046765,13
473,New Delhi,Green Park,28.5565998,77.2023408,13
18355419,New Delhi,Green Park,28.5608102,77.2018467,13
18432237,New Delhi,Green Park,28.556941,77.20523,13
259,New Delhi,Green Park,28.5563457,77.2020264,13
7316,New Delhi,Green Park,28.5581568,77.2059791,13
18222566,New Delhi,Green Park,28.5557195,77.2057995,13
443,New Delhi,Green Park,28.5570041,77.2051706,13
308315,New Delhi,Green Park,28.5595207,77.2066529,13
769,New Delhi,Green Park,28.5572354,77.2025317,13
65,New Delhi,Green Park,28.5580181,77.2059342,13
9672,New Delhi,Green Park,28.5558677,77.2021844,13
472,New Delhi,Green Park,28.5562101,77.2026428,13
3400,New Delhi,Green Park,28.5568725,77.2054344,13
18337744,New Delhi,Green Park,28.5565678,77.2024756,13
18268360,New Delhi,Green Park,28.5566267,77.2023504,13
4096,New Delhi,Green Park,28.5577921,77.2057351,13
18358700,New Delhi,Green Park,28.5577669,77.2080004,13
2217,New Delhi,Green Park,28.5580523,77.2062936,13
18398571,New Delhi,Green Park,28.5574296,77.2057664,13
1621,New Delhi,Green Park,28.5574266,77.2049011,13
18425177,New Delhi,Green Park,28.5584086,77.2057995,13
18481289,New Delhi,Green Park,28.5579188,77.2028955,13
18424593,New Delhi,Green Park,28.5566575,77.2024756,13
18383432,New Delhi,Green Park,28.5610837,77.2169384,13
18412904,New Delhi,Green Park,28.557068,77.2049011,13
18481294,New Delhi,Green Park,28.560101,77.2097034,13
18354330,New Delhi,Green Park,28.5589794,77.20243322,13
304230,New Delhi,Green Park,28.5572038,77.2025654,13
18250897,New Delhi,Green Park,28.5608042,77.2039156,13
18261052,New Delhi,Green Park,28.56250844,77.21116707,13
3468,New Delhi,Green Park,28.5526247,77.203602,13
310949,New Delhi,GTB Nagar,28.7010154,77.2052335,15
18356808,New Delhi,GTB Nagar,28.6945529,77.2044316,15
18361758,New Delhi,GTB Nagar,28.695646,77.2041375,15
312755,New Delhi,GTB Nagar,28.73409022,77.0955538,-1
18241525,New Delhi,GTB Nagar,28.6965012,77.2041824,15
313492,New Delhi,GTB Nagar,28.7007738,77.2212289,15
18418248,New Delhi,GTB Nagar,28.7073875,77.2028349,15
18427869,New Delhi,GTB Nagar,28.7011015,77.2088685,15
310948,New Delhi,GTB Nagar,28.700431,77.2051662,15
18463997,New Delhi,GTB Nagar,28.69471,77.2041824,15
18337898,New Delhi,GTB Nagar,28.698905,77.2042028,15
18427234,New Delhi,GTB Nagar,28.6957933,77.2042723,15
18382697,New Delhi,GTB Nagar,28.6944315,77.2049891,15
18400720,New Delhi,GTB Nagar,28.6929495,77.2054401,15
3363,New Delhi,GTB Nagar,28.6987623,77.2053503,15
310592,New Delhi,GTB Nagar,28.6951234,77.2038231,15
18455511,New Delhi,GTB Nagar,28.7073367,77.2029119,15
18361763,New Delhi,GTB Nagar,28.6984564,77.2077365,15
18124350,New Delhi,GTB Nagar,28.7099284,77.2044321,15
18408045,New Delhi,GTB Nagar,28.6975121,77.2044519,15
18455515,New Delhi,GTB Nagar,28.700706,77.2084849,15
18441835,New Delhi,GTB Nagar,28.6945895,77.2049879,15
18361202,New Delhi,GTB Nagar,28.6991585,77.2048113,15
18463978,New Delhi,GTB Nagar,28.6961012,77.2048186,15
18124389,New Delhi,GTB Nagar,28.6979305,77.2050808,15
18492048,New Delhi,GTB Nagar,28.694348,77.208794,15
18463985,New Delhi,GTB Nagar,28.6961124,77.2045178,15
18124352,New Delhi,GTB Nagar,28.7077386,77.2046316,15
9442,New Delhi,GTB Nagar,28.6981059,77.2059791,15
18361755,New Delhi,GTB Nagar,28.6990689,77.2048113,15
18455513,New Delhi,GTB Nagar,28.7075633,77.2027704,15
18446394,New Delhi,GTB Nagar,28.6966432,77.204411,15
18431175,New Delhi,GTB Nagar,28.6944781,77.2050359,15
18375397,New Delhi,GTB Nagar,28.6950596,77.2040926,15
6628,New Delhi,Gujranwala Town,28.7000027,77.1883704,15
4079,New Delhi,Gujranwala Town,28.6978702,77.193222,15
9392,New Delhi,Gujranwala Town,28.6989226,77.192054,15
9386,New Delhi,Gujranwala Town,28.7002971,77.1886399,15
312400,New Delhi,Gujranwala Town,28.6947792,77.1889993,15
310982,New Delhi,Gujranwala Town,28.7014836,77.1898079,15
9421,New Delhi,Gujranwala Town,28.7004928,77.1889483,15
1147,New Delhi,Gujranwala Town,28.7014578,77.1895384,15
18057825,New Delhi,Gujranwala Town,28.701475,77.1897181,15
18444811,New Delhi,Gujranwala Town,28.6991655,77.1917845,15
9366,New Delhi,Gujranwala Town,28.7013265,77.1895597,15
18361754,New Delhi,Gujranwala Town,28.6924395,77.1905019,15
18245254,New Delhi,Gujranwala Town,28.6989717,77.192099,15
18219524,New Delhi,Gujranwala Town,28.6975254,77.1863488,15
305276,New Delhi,Gujranwala Town,28.6943279,77.1898978,15
312355,New Delhi,Gujranwala Town,28.7017609,77.1898978,15
6599,New Delhi,Gujranwala Town,28.7014836,77.1898079,15
300022,New Delhi,Gujranwala Town,28.7003953,77.1887297,15
6605,New Delhi,Gujranwala Town,28.699677,77.1878236,15
18034044,New Delhi,Gujranwala Town,28.6991827,77.1919642,15
300946,New Delhi,Gujranwala Town,28.6993443,77.1917362,15
310409,New Delhi,Gujranwala Town,28.7016159,77.1899423,15
307228,New Delhi,Gujranwala Town,28.7015792,77.1894036,15
18464633,New Delhi,Gujranwala Town,28.6988557,77.1918129,15
18358668,New Delhi,Gujranwala Town,28.7006314,77.1836813,15
18361743,New Delhi,Gujranwala Town,28.6982502,77.1919823,15
18245285,New Delhi,Gujranwala Town,28.6991164,77.1917396,15
18364336,New Delhi,Gujranwala Town,28.6943365,77.1899876,15
18358207,New Delhi,Gujranwala Town,28.7014836,77.1898079,15
312357,New Delhi,Gujranwala Town,28.6991568,77.1916947,15
18464627,New Delhi,Gujranwala Town,28.7015191,77.1894379,15
18431125,New Delhi,Gujranwala Town,28.7006555,77.1839678,15
18361741,New Delhi,Gujranwala Town,28.6982616,77.1920054,15
18464621,New Delhi,Gujranwala Town,28.7017374,77.1894954,15
18449634,New Delhi,Gujranwala Town,28.6990208,77.1921439,15
18361745,New Delhi,Gujranwala Town,28.6971907,77.1940755,15
18124390,New Delhi,Gujranwala Town,28.7007076,77.1840036,15
18464637,New Delhi,Gujranwala Town,28.698891,77.1920352,15
5897,New Delhi,Hauz Khas,28.5602677,77.2096084,13
18416840,New Delhi,Hauz Khas,28.5508626,77.2046327,13
18222563,New Delhi,Hauz Khas,28.5523954,77.2033238,13
18449796,New Delhi,Hauz Khas,28.5503273,77.2039324,13
18471243,New Delhi,Hauz Khas,28.552966,77.207813,13
652,New Delhi,Hauz Khas,28.5510835,77.2076874,13
9841,New Delhi,Hauz Khas,28.557586,77.2068141,13
313482,New Delhi,Hauz Khas,28.55402,77.19397,13
308599,New Delhi,Hauz Khas,28.5518155,77.2037786,13
807,New Delhi,Hauz Khas,28.5513556,77.2043582,13
18423871,New Delhi,Hauz Khas,28.5626079,77.214976,13
308188,New Delhi,Hauz Khas,28.5605341,77.2094004,13
3156,New Delhi,Hauz Khas,28.551367,77.2045662,13
306319,New Delhi,Hauz Khas,28.5568936,77.2067363,13
311033,New Delhi,Hauz Khas,28.542347,77.2027931,13
4250,New Delhi,Hauz Khas,28.5516775,77.2084143,13
300607,New Delhi,Hauz Khas,28.5416535,77.2043752,13
301325,New Delhi,Hauz Khas,28.5614631,77.2115953,13
308277,New Delhi,Hauz Khas,28.552691,77.2036513,13
301328,New Delhi,Hauz Khas,28.5622242,77.2106376,13
18313482,New Delhi,Hauz Khas,28.5515237,77.2070845,13
18287406,New Delhi,Hauz Khas,28.5505307,77.2054205,13
18354624,New Delhi,Hauz Khas,28.5554938,77.2093121,13
307025,New Delhi,Hauz Khas,28.560378,77.2091679,13
18469980,New Delhi,Hauz Khas,28.5503273,77.2039324,13
309593,New Delhi,Hauz Khas,28.5609831,77.2100361,13
18252376,New Delhi,Hauz Khas,28.5505745,77.2046029,13
312809,New Delhi,Hauz Khas,28.5618666,77.2141709,13
304546,New Delhi,Hauz Khas,28.5604449,77.2093036,13
301327,New Delhi,Hauz Khas,28.562373,77.2107833,13
303170,New Delhi,Hauz Khas,28.5618535,77.2141542,13
306658,New Delhi,Hauz Khas,28.5603597,77.2095255,13
300564,New Delhi,Hauz Khas,28.5509252,77.2080868,13
5630,New Delhi,Hauz Khas,28.5500479,77.2056973,13
306511,New Delhi,Hauz Khas,28.5624222,77.2107781,13
306247,New Delhi,Hauz Khas,28.5510151,77.2081473,13
18245263,New Delhi,Hauz Khas,28.5521888,77.2039336,13
305040,New Delhi,Hauz Khas,28.5639463,77.2120463,13
673,New Delhi,Hauz Khas,28.5522405,77.2039227,13
304542,New Delhi,Hauz Khas,28.5617035,77.2145148,13
18349919,New Delhi,Hauz Khas,28.5513376,77.2045658,13
4251,New Delhi,Hauz Khas,28.5525624,77.2084289,13
305736,New Delhi,Hauz Khas,28.550438,77.2039819,13
308257,New Delhi,Hauz Khas,28.5509312,77.208163,13
18359259,New Delhi,Hauz Khas,28.5513546,77.2045516,13
18335682,New Delhi,Hauz Khas,28.5397438,77.2063121,13
303716,New Delhi,Hauz Khas,28.5513909,77.2045677,13
18430873,New Delhi,Hauz Khas,28.5542453,77.2059157,13
18440414,New Delhi,Hauz Khas,28.5601373,77.2131207,13
5267,New Delhi,Hauz Khas,28.5602363,77.2104167,13
310259,New Delhi,Hauz Khas,28.5622518,77.2106438,13
18402768,New Delhi,Hauz Khas,28.5509721,77.2080928,13
18418258,New Delhi,Hauz Khas,28.5543973,77.2059313,13
18427205,New Delhi,Hauz Khas,28.5417943,77.2036655,13
18472618,New Delhi,Hauz Khas,28.5623218,77.210758,13
18424902,New Delhi,Hauz Khas,28.5605085,77.2093815,13
18427209,New Delhi,Hauz Khas,28.5414504,77.203929,13
18336472,New Delhi,Hauz Khas,28.5600874,77.2099284,13
18163900,New Delhi,Hauz Khas,28.5602665,77.2096165,13
18425757,New Delhi,Hauz Khas,28.560245,77.2098425,13
18427218,New Delhi,Hauz Khas,28.5419041,77.204319,13
18352684,New Delhi,Hauz Khas,28.5418706,77.2043423,13
18423135,New Delhi,Hauz Khas,28.5636313,77.2116483,13
18472605,New Delhi,Hauz Khas,28.5601549,77.2097525,13
18425738,New Delhi,Hauz Khas,28.5608475,77.2081917,13
18418229,New Delhi,Hauz Khas,28.55510074,77.19461381,13
18425748,New Delhi,Hauz Khas,28.5631376,77.2143271,13
18287398,New Delhi,Hauz Khas,28.5603853,77.2095383,13
18436439,New Delhi,Hauz Khas,28.5532206,77.2079154,13
18365575,New Delhi,Hauz Khas,28.5514459,77.208506,13
307490,New Delhi,Hauz Khas,28.5525204,77.203809,13
301001,New Delhi,Hauz Khas Village,28.5542839,77.1944778,13
8369,New Delhi,Hauz Khas Village,28.5538347,77.194918,13
304296,New Delhi,Hauz Khas Village,28.5543721,77.1944373,13
18082196,New Delhi,Hauz Khas Village,28.5546133,77.194795,13
307931,New Delhi,Hauz Khas Village,28.5545112,77.1960285,13
313304,New Delhi,Hauz Khas Village,28.5541711,77.1945289,13
5732,New Delhi,Hauz Khas Village,28.5548297,77.1948429,13
301131,New Delhi,Hauz Khas Village,28.5540858,77.194058,13
312437,New Delhi,Hauz Khas Village,28.5542208,77.1949328,13
301442,New Delhi,Hauz Khas Village,28.5546859,77.1951433,13
301574,New Delhi,Hauz Khas Village,28.5534325,77.1941291,13
308463,New Delhi,Hauz Khas Village,28.5540646,77.1943109,13
304027,New Delhi,Hauz Khas Village,28.5541496,77.1940584,13
307330,New Delhi,Hauz Khas Village,28.5541314,77.194159,13
306334,New Delhi,Hauz Khas Village,28.5536,77.1941855,13
5030,New Delhi,Hauz Khas Village,28.5541766,77.1944824,13
8893,New Delhi,Hauz Khas Village,28.5541282,77.1944156,13
308322,New Delhi,Hauz Khas Village,28.5542851,77.1944706,13
3392,New Delhi,Hauz Khas Village,28.55333,77.1943217,13
18408040,New Delhi,Hauz Khas Village,28.5557479,77.1952737,13
307360,New Delhi,Hauz Khas Village,28.5541009,77.1941749,13
89,New Delhi,Hauz Khas Village,28.555157,77.1952749,13
18208924,New Delhi,Hauz Khas Village,28.554476,77.195013,13
303092,New Delhi,Hauz Khas Village,28.5542015,77.1948582,13
307436,New Delhi,"Holiday Inn, Aerocity",28.550327,77.122793,14
306510,New Delhi,"Holiday Inn, Mayur Vihar",28.5907981,77.2980406,8
312801,New Delhi,"Holiday Inn, Mayur Vihar",28.5905091,77.2977869,8
3293,New Delhi,"Hotel Broadway, Daryaganj",28.6409625,77.2379557,13
422,New Delhi,"Hotel Broadway, Daryaganj",28.6410435,77.2378659,13
3260,New Delhi,"Hotel City Park, Pitampura",28.7056604,77.1430501,15
1267,New Delhi,"Hotel City Park, Pitampura",28.7057393,77.1432187,15
18273067,New Delhi,"Hotel Classic Diplomat, Mahipalpur",28.5476562,77.1261797,14
18312623,New Delhi,"Hotel Classic Diplomat, Mahipalpur",28.5479078,77.1259999,14
308069,New Delhi,"Hotel Regent Grand, Karol Bagh",28.6430365,77.1729864,13
308068,New Delhi,"Hotel Regent Grand, Karol Bagh",28.6430256,77.1729982,13
4367,New Delhi,"Hotel The Royal Plaza, Janpath",28.6212265,77.2170282,13
4364,New Delhi,"Hotel The Royal Plaza, Janpath",28.6212756,77.2170731,13
310365,New Delhi,"Hotel The Royal Plaza, Janpath",28.6212756,77.2170731,13
4366,New Delhi,"Hotel The Royal Plaza, Janpath",28.6212756,77.2170731,13
4365,New Delhi,"Hotel The Royal Plaza, Janpath",28.6212322,77.216908,13
18419892,New Delhi,"Hotel The Royal Plaza, Janpath",28.6213161,77.2170282,13
4357,New Delhi,"Hyatt Regency, Bhikaji Cama Place",28.56904,77.185331,13
3379,New Delhi,"Hyatt Regency, Bhikaji Cama Place",28.56904,77.185331,13
3264,New Delhi,"Hyatt Regency, Bhikaji Cama Place",28.56904,77.185331,13
4368,New Delhi,"Hyatt Regency, Bhikaji Cama Place",28.56904,77.185331,13
4356,New Delhi,"Hyatt Regency, Bhikaji Cama Place",28.56904,77.185331,13
3378,New Delhi,"Hyatt Regency, Bhikaji Cama Place",28.56904,77.185331,13
310032,New Delhi,"ibis New Delhi, Aerocity",28.551398,77.123127,14
18436483,New Delhi,INA,28.5780214,77.2093928,13
18245249,New Delhi,INA,28.5783748,77.2100616,13
301448,New Delhi,INA,28.5739586,77.2100216,13
18425152,New Delhi,INA,28.5780386,77.2095724,13
312231,New Delhi,India Gate,28.607967,77.198618,17
18057802,New Delhi,India Gate,28.6083918,77.2014634,-1
307622,New Delhi,India Gate,28.6184829,77.2296031,13
18481278,New Delhi,India Gate,28.6086732,77.1981633,17
311546,New Delhi,India Gate,28.6083206,77.2211555,13
1546,New Delhi,IP Extension,28.6307448,77.3016535,8
4673,New Delhi,IP Extension,28.6221018,77.2933535,8
18440187,New Delhi,IP Extension,28.6332414,77.3027284,8
304304,New Delhi,IP Extension,28.6310189,77.3061495,8
18107859,New Delhi,IP Extension,28.6311765,77.3062105,8
303582,New Delhi,IP Extension,28.6360907,77.2995552,8
306595,New Delhi,IP Extension,28.6281517,77.3089444,8
305348,New Delhi,IP Extension,28.6360024,77.3043502,8
303586,New Delhi,IP Extension,28.6362503,77.3056876,8
18289231,New Delhi,IP Extension,28.6306439,77.3059907,8
9803,New Delhi,IP Extension,28.6360078,77.3031004,8
3700,New Delhi,IP Extension,28.6351912,77.3031053,8
3093,New Delhi,IP Extension,28.6280802,77.3089888,8
308849,New Delhi,IP Extension,28.6355354,77.3032993,8
301149,New Delhi,IP Extension,28.6348977,77.3039947,8
305159,New Delhi,IP Extension,28.6282279,77.3082609,8
6256,New Delhi,IP Extension,28.6335406,77.3028343,8
18258483,New Delhi,IP Extension,28.627967,77.3079824,8
9806,New Delhi,IP Extension,28.6349194,77.3035124,8
303590,New Delhi,IP Extension,28.6278421,77.307845,8
311263,New Delhi,IP Extension,28.6220862,77.2919552,8
303592,New Delhi,IP Extension,28.630711,77.305996,8
18228856,New Delhi,IP Extension,28.6360258,77.3030936,8
18308458,New Delhi,IP Extension,28.634931,77.3037739,8
18378062,New Delhi,IP Extension,28.6308689,77.3012262,8
18428622,New Delhi,IP Extension,28.6362246,77.2995024,8
18432941,New Delhi,IP Extension,28.6346331,77.2974464,8
18264980,New Delhi,IP Extension,28.6274039,77.3011496,8
18378025,New Delhi,IP Extension,28.6336787,77.2990042,8
18441696,New Delhi,IP Extension,28.630479,77.2995973,8
18421488,New Delhi,IP Extension,28.62804124,77.30793916,8
308853,New Delhi,IP Extension,28.6348699,77.3038718,8
312864,New Delhi,IP Extension,28.6355354,77.3032993,8
18439029,New Delhi,IP Extension,28.63570449,77.30450468,8
18441698,New Delhi,IP Extension,28.6219398,77.2934576,8
18440175,New Delhi,IP Extension,28.6264823,77.3029659,8
18258502,New Delhi,IP Extension,28.6304877,77.3065335,8
18440143,New Delhi,IP Extension,28.6349562,77.3037861,8
18377928,New Delhi,IP Extension,28.635191,77.3030602,8
6777,New Delhi,IP Extension,28.6339747,77.3095488,8
8376,New Delhi,IP Extension,28.6308576,77.3012464,8
8619,New Delhi,IP Extension,28.6304523,77.3015435,8
18228125,New Delhi,IP Extension,28.631723,77.305766,8
306026,New Delhi,"ITC Maurya, Chanakyapuri",28.5981818,77.1734292,13
302636,New Delhi,"ITC Maurya, Chanakyapuri",28.5974082,77.1735895,13
18376494,New Delhi,"ITC Maurya, Chanakyapuri",28.5974082,77.1735895,13
2745,New Delhi,"ITC Maurya, Chanakyapuri",28.5981778,77.1734391,13
2742,New Delhi,"ITC Maurya, Chanakyapuri",28.5974659,77.1737243,13
309548,New Delhi,"ITC Maurya, Chanakyapuri",28.5973505,77.1734547,13
311078,New Delhi,ITO,28.63209722,77.23888333,13
311117,New Delhi,ITO,28.63255,77.24104444,13
303261,New Delhi,ITO,28.6311424,77.24134527,13
18037812,New Delhi,Jail Road,28.6347982,77.097151,16
18037793,New Delhi,Jail Road,28.6356447,77.0969155,16
301818,New Delhi,Jail Road,28.6274912,77.096421,16
18427235,New Delhi,Jail Road,28.6355956,77.0968706,16
307002,New Delhi,Jail Road,28.6360464,77.0969926,16
18037806,New Delhi,Jail Road,28.6362828,77.0971876,16
309087,New Delhi,Jail Road,28.620964,77.107504,16
18367977,New Delhi,Jail Road,28.6275885,77.1090874,16
1106,New Delhi,Jail Road,28.6310878,77.0981016,16
301857,New Delhi,Jail Road,28.6237129,77.1022244,16
302836,New Delhi,Jail Road,28.6196388,77.1108383,16
18279090,New Delhi,Jail Road,28.6494365,77.1028818,16
300502,New Delhi,Jail Road,28.6312881,77.0975994,16
18203169,New Delhi,Jail Road,28.6255303,77.1109713,16
306891,New Delhi,Jail Road,28.6316476,77.0980497,16
6959,New Delhi,Jail Road,28.6343754,77.0980565,16
18282019,New Delhi,Jail Road,28.6349446,77.0971673,16
2399,New Delhi,Jail Road,28.631387,77.0982505,16
5420,New Delhi,Jail Road,28.6353891,77.0968803,16
8521,New Delhi,Jail Road,28.6300121,77.1136177,16
18292455,New Delhi,Jail Road,28.6255608,77.1013347,16
4000,New Delhi,Jail Road,28.6356447,77.0969155,16
18241858,New Delhi,Jail Road,28.6322412,77.0981402,16
310732,New Delhi,Jail Road,28.6316146,77.0978255,16
300522,New Delhi,Jail Road,28.63561,77.0965558,16
18408034,New Delhi,Jail Road,28.6316165,77.0981006,16
301803,New Delhi,Jail Road,28.6347297,77.0971629,16
18282017,New Delhi,Jail Road,28.6350493,77.0971063,16
18455615,New Delhi,Jail Road,28.6134073,77.1087679,16
5400,New Delhi,Jail Road,28.6313278,77.097836,16
300561,New Delhi,Jail Road,28.6249007,77.1017394,16
301823,New Delhi,Jail Road,28.6249622,77.1112093,16
18282009,New Delhi,Jail Road,28.6334468,77.0981661,16
6978,New Delhi,Jail Road,28.635497,77.0965824,16
18281946,New Delhi,Jail Road,28.6358663,77.0970387,16
6052,New Delhi,Jail Road,28.6315014,77.0977886,16
5965,New Delhi,Jail Road,28.6356765,77.0967806,16
18381639,New Delhi,Jail Road,28.6309971,77.0976322,16
18289278,New Delhi,Jail Road,28.6246348,77.110907,16
308716,New Delhi,Jail Road,28.6197878,77.1040333,16
306985,New Delhi,Jail Road,28.6351319,77.0998706,16
307861,New Delhi,Jail Road,28.6212976,77.1074751,16
18429381,New Delhi,Jail Road,28.6350345,77.0971697,16
18366009,New Delhi,Jail Road,28.635251,77.0998371,16
18415357,New Delhi,Jail Road,28.6344684,77.0994344,16
300501,New Delhi,Jail Road,28.6315308,77.097993,16
307006,New Delhi,Jail Road,28.6351651,77.0970504,16
18424895,New Delhi,Jail Road,28.6314535,77.0977144,16
18282015,New Delhi,Jail Road,28.6344525,77.0997544,16
306974,New Delhi,Jail Road,28.6360885,77.0972622,16
18431980,New Delhi,Jail Road,28.6353275,77.0970875,16
18429401,New Delhi,Jail Road,28.6628124,77.1088295,16
301822,New Delhi,Jail Road,28.6244686,77.1109839,16
18367979,New Delhi,Jail Road,28.6212971,77.1073269,16
18366025,New Delhi,Jail Road,28.6357503,77.0996828,16
18456774,New Delhi,Jail Road,28.6235852,77.1018025,16
18458301,New Delhi,Jail Road,28.6342008,77.0974053,16
18037794,New Delhi,Jail Road,28.6258103,77.1108325,16
18454474,New Delhi,Jail Road,28.631327,77.098778,16
18245258,New Delhi,Jail Road,28.625289,77.101117,16
17977777,New Delhi,Jail Road,28.6255344,77.1014229,16
18349901,New Delhi,Jama Masjid,28.6498101,77.2349022,13
18349910,New Delhi,Jama Masjid,28.6472969,77.2339142,13
304091,New Delhi,Jama Masjid,28.6487528,77.2335637,13
18420675,New Delhi,Jama Masjid,28.6497205,77.2349022,13
308014,New Delhi,Jama Masjid,28.649456,77.2334814,13
18291241,New Delhi,Jama Masjid,28.6497621,77.2339276,13
18336178,New Delhi,Jama Masjid,28.6470498,77.2350818,13
18454466,New Delhi,Jama Masjid,28.6498506,77.2348573,13
993,New Delhi,Jama Masjid,28.6496214,77.2327023,13
305598,New Delhi,Jama Masjid,28.6486247,77.2335385,13
18336494,New Delhi,Jama Masjid,28.6470498,77.2350818,13
18340727,New Delhi,Jama Masjid,28.6489324,77.2336085,13
308001,New Delhi,Jama Masjid,28.649672,77.2334979,13
18396855,New Delhi,Jama Masjid,28.6491652,77.2328365,13
18261688,New Delhi,Jama Masjid,28.6498224,77.2362096,13
18208922,New Delhi,Jama Masjid,28.6468193,77.2345429,13
18308432,New Delhi,Jama Masjid,28.6497611,77.2331077,13
18408050,New Delhi,Jama Masjid,28.6497507,77.2348182,13
18349897,New Delhi,Jama Masjid,28.6481181,77.2335999,13
18336488,New Delhi,Jama Masjid,28.6492548,77.2328365,13
18454468,New Delhi,Jama Masjid,28.6493023,77.2333916,13
18451575,New Delhi,Jama Masjid,28.6498655,77.2355652,13
18079620,New Delhi,Jama Masjid,28.6492691,77.2337024,13
304617,New Delhi,Jama Masjid,28.6467702,77.234498,13
463,New Delhi,Jama Masjid,28.6493933,77.23363,13
18291442,New Delhi,Jama Masjid,28.649739,77.2348509,13
300430,New Delhi,Janakpuri,28.6178488,77.0781883,16
533,New Delhi,Janakpuri,28.6308738,77.081247,16
18365984,New Delhi,Janakpuri,28.624851,77.076075,16
18057812,New Delhi,Janakpuri,28.61913158,77.09158983,16
7012,New Delhi,Janakpuri,28.6270907,77.0919751,16
313194,New Delhi,Janakpuri,28.6217683,77.08765,16
18466975,New Delhi,Janakpuri,28.625011,77.101121,16
8365,New Delhi,Janakpuri,28.6298073,77.0903177,16
307699,New Delhi,Janakpuri,28.6156773,77.0895476,16
305723,New Delhi,Janakpuri,28.6237445,77.0821521,16
18175283,New Delhi,Janakpuri,28.6330204,77.0870265,16
4018,New Delhi,Janakpuri,28.61683827,77.09035702,16
4019,New Delhi,Janakpuri,28.6168861,77.090369,16
482,New Delhi,Janakpuri,28.6300262,77.0820473,16
355,New Delhi,Janakpuri,28.6158468,77.0944197,16
1104,New Delhi,Janakpuri,28.6311148,77.0966703,16
300994,New Delhi,Janakpuri,28.6180223,77.0888248,16
310691,New Delhi,Janakpuri,28.6219218,77.0859354,16
303247,New Delhi,Janakpuri,28.6216295,77.0884552,16
311616,New Delhi,Janakpuri,28.6219496,77.0844615,16
7025,New Delhi,Janakpuri,28.6343713,77.0935847,16
301335,New Delhi,Janakpuri,28.6215998,77.0883654,16
4016,New Delhi,Janakpuri,28.6284185,77.0910311,16
18238968,New Delhi,Janakpuri,28.6202711,77.0887484,16
18175340,New Delhi,Janakpuri,28.6361792,77.0960937,16
313498,New Delhi,Janakpuri,28.6298512,77.0910906,16
18421049,New Delhi,Janakpuri,28.6122787,77.0900756,16
18345739,New Delhi,Janakpuri,28.6295635,77.0816045,16
18261158,New Delhi,Janakpuri,28.6291122,77.091394,16
4010,New Delhi,Janakpuri,28.6296625,77.0820832,16
309283,New Delhi,Janakpuri,28.6180324,77.0901845,16
17977755,New Delhi,Janakpuri,28.6331568,77.0871273,16
5388,New Delhi,Janakpuri,28.6285431,77.0910903,16
4723,New Delhi,Janakpuri,28.6180887,77.0887384,16
311889,New Delhi,Janakpuri,28.6335873,77.0871808,16
311922,New Delhi,Janakpuri,28.6209459,77.0817882,16
185,New Delhi,Janakpuri,28.6299374,77.0819207,16
18268370,New Delhi,Janakpuri,28.6157655,77.0941454,16
4021,New Delhi,Janakpuri,28.6218773,77.0846413,16
300527,New Delhi,Janakpuri,28.6191652,77.091738,16
18219547,New Delhi,Janakpuri,28.620389,77.0801897,16
18412874,New Delhi,Janakpuri,28.6341679,77.0936598,16
18244719,New Delhi,Janakpuri,28.6330626,77.0905124,16
18322665,New Delhi,Janakpuri,28.6217284,77.0884763,16
7018,New Delhi,Janakpuri,28.6278364,77.0917978,16
18446409,New Delhi,Janakpuri,28.622406,77.090872,16
7891,New Delhi,Jangpura,28.5830716,77.2450727,13
304445,New Delhi,Jangpura,28.5835117,77.2459911,13
18337922,New Delhi,Jangpura,28.5799189,77.2415481,13
18357562,New Delhi,Jangpura,28.5826876,77.2467751,13
9602,New Delhi,Jangpura,28.5795335,77.2475434,13
310305,New Delhi,Jangpura,28.5817203,77.2472956,13
18025100,New Delhi,Jangpura,28.5816136,77.247116,13
18355110,New Delhi,Jangpura,28.5791847,77.2583408,13
18322676,New Delhi,Jangpura,28.5793555,77.2412786,13
308488,New Delhi,Jangpura,28.584787,77.2479691,13
7874,New Delhi,Jangpura,28.5813084,77.2464868,13
18313115,New Delhi,Jangpura,28.5825578,77.2481871,13
302514,New Delhi,Jangpura,28.5819657,77.24752,13
9573,New Delhi,Jangpura,28.5812079,77.2419073,13
7892,New Delhi,Jangpura,28.5813908,77.2467562,13
9568,New Delhi,Jangpura,28.5844282,77.2476766,13
3681,New Delhi,Jangpura,28.5823905,77.2515162,13
3337,New Delhi,Jangpura,28.5805634,77.2417277,13
310101,New Delhi,Jangpura,28.5813093,77.246482,13
7889,New Delhi,Jangpura,28.5828513,77.2450505,13
7879,New Delhi,Jangpura,28.5798378,77.2416379,13
310469,New Delhi,Jangpura,28.5829004,77.2450954,13
18449787,New Delhi,Jangpura,28.5853525,77.2487324,13
303608,New Delhi,Jangpura,28.5837347,77.2439728,13
307785,New Delhi,Jangpura,28.5828513,77.2450505,13
310100,New Delhi,Jangpura,28.5824117,77.2451403,13
310468,New Delhi,Jangpura,28.5818185,77.2473854,13
3339,New Delhi,Jangpura,28.5828513,77.2450505,13
18369763,New Delhi,Jangpura,28.5853611,77.2488222,13
312949,New Delhi,Jangpura,28.5823926,77.2482385,13
3684,New Delhi,Jangpura,28.580653,77.2417277,13
18463963,New Delhi,Jangpura,28.5807469,77.2415673,13
18357554,New Delhi,Jangpura,28.5819018,77.2515611,13
310102,New Delhi,Jangpura,28.5815771,77.2512383,13
18243438,New Delhi,Jangpura,28.5835827,77.2460575,13
18419915,New Delhi,Jangpura,28.5764607,77.262305,13
18479001,New Delhi,Jangpura,28.5815151,77.2468941,13
18419906,New Delhi,Jangpura,28.5798205,77.2603162,13
18419911,New Delhi,Jangpura,28.5815244,77.247005,13
18419919,New Delhi,Jangpura,28.5792658,77.258251,13
18294233,New Delhi,Jangpura,28.5852629,77.2487324,13
18419901,New Delhi,Jangpura,28.5791121,77.2585204,13
18481273,New Delhi,Jangpura,28.5814249,77.2467645,13
18313119,New Delhi,Jangpura,28.5812764,77.2463975,13
18486830,New Delhi,Jangpura,28.5827894,77.2490554,13
18453186,New Delhi,Jangpura,28.5738108,77.2574428,13
18354663,New Delhi,Jangpura,28.5843025,77.247116,13
18419897,New Delhi,Jangpura,28.5771398,77.2622917,13
18481322,New Delhi,Jangpura,28.5794004,77.2422216,13
18357557,New Delhi,Jangpura,28.5792829,77.2584306,13
18025096,New Delhi,Jangpura,28.5815991,77.251335,13
18286922,New Delhi,Jangpura,28.5832431,77.2479992,13
18458302,New Delhi,Jangpura,28.5839782,77.2474752,13
18447302,New Delhi,Jangpura,28.5744768,77.2569041,13
300744,New Delhi,Jangpura,28.5802945,77.2417277,13
8509,New Delhi,Jangpura,28.580749,77.2413236,13
3338,New Delhi,Jangpura,28.5837753,77.2439279,13
18133513,New Delhi,Janpath,28.6274922,77.2225973,13
619,New Delhi,Janpath,28.62642941,77.22028926,13
300581,New Delhi,Janpath,28.6290186,77.2198128,13
300577,New Delhi,Janpath,28.629035,77.21958833,13
6174,New Delhi,Janpath,28.62175556,77.21879444,13
300593,New Delhi,Janpath,28.6285904,77.220734,13
300589,New Delhi,Janpath,28.6219039,77.2165193,13
261,New Delhi,Janpath,28.62751063,77.2195131,13
18400724,New Delhi,Janpath,28.628809,77.2185552,13
300591,New Delhi,Janpath,28.621945,77.2166027,13
18372578,New Delhi,Janpath,28.6212756,77.2170731,13
307371,New Delhi,Janpath,28.623172,77.2167587,13
300584,New Delhi,Janpath,28.62913,77.2209805,13
18357558,New Delhi,Janpath,28.62727844,77.21957177,13
18345728,New Delhi,Janpath,28.6182446,77.2186451,13
301301,New Delhi,Janpath,28.62921603,77.22037341,13
18249111,New Delhi,Janpath,28.6283018,77.2198128,13
308280,New Delhi,Janpath,28.626685,77.2194865,13
309807,New Delhi,Janpath,28.62590527,77.21970689,13
8451,New Delhi,Janpath,28.6289072,77.2186451,13
3782,New Delhi,Janpath,28.6282932,77.2197229,13
18168125,New Delhi,Janpath,28.627044,77.220458,13
311982,New Delhi,Janpath,28.6183217,77.2194535,13
182,New Delhi,Janpath,28.62662923,77.21920632,13
18349923,New Delhi,Janpath,28.6269407,77.2196331,13
311871,New Delhi,Janpath,28.6276714,77.2225973,13
8911,New Delhi,Janpath,28.62913863,77.21962843,13
18398618,New Delhi,Janpath,28.62711,77.219697,13
18486847,New Delhi,Janpath,28.627832,77.2186451,13
18394362,New Delhi,Janpath,28.62569483,77.20999705,13
18458647,New Delhi,Janpath,28.6291892,77.2197229,13
18124375,New Delhi,Janpath,28.6284974,77.2181061,13
300582,New Delhi,Janpath,28.6219815,77.2164893,13
18306547,New Delhi,Janpath,28.6271199,77.2196331,13
18424189,New Delhi,Janpath,28.6272055,77.2205314,13
899,New Delhi,Janpath,28.6270708,77.2195882,13
18357911,New Delhi,Janpath,28.6291434,77.2196051,13
7901,New Delhi,Jasola,28.5377179,77.2865357,19
309778,New Delhi,Jasola,28.5373236,77.2872342,19
18359262,New Delhi,Jasola,28.5377077,77.2866593,19
18358682,New Delhi,Jasola,28.5398301,77.2862858,19
18413811,New Delhi,Jasola,28.53938,77.2877168,19
8160,New Delhi,Jasola,28.5398033,77.2884959,19
18240023,New Delhi,Jasola,28.5391313,77.2865123,19
306038,New Delhi,Jasola,28.5413666,77.2970413,19
18337775,New Delhi,Jasola,28.5372187,77.2875272,19
18241514,New Delhi,Jasola,28.5373632,77.2875567,19
7912,New Delhi,Jasola,28.5377272,77.2866858,19
18387753,New Delhi,Jasola,28.5404503,77.2935319,19
9700,New Delhi,Jasola,28.5376733,77.2866755,19
307342,New Delhi,Jasola,28.5374717,77.2874628,19
301898,New Delhi,Jasola,28.5386022,77.2894195,19
18322937,New Delhi,Jasola,28.5398007,77.294558,19
18303834,New Delhi,Jasola,28.5382002,77.2895211,19
18241883,New Delhi,Jasola,28.5436226,77.2978344,19
18285180,New Delhi,Jasola,28.5398573,77.2900843,19
18464001,New Delhi,Jasola,28.5382385,77.2899644,19
7908,New Delhi,Jasola,28.5398069,77.2882379,19
4503,New Delhi,"Jaypee Siddharth, Rajendra Place",28.6427453,77.1758533,13
4502,New Delhi,"Jaypee Siddharth, Rajendra Place",28.642764,77.1758886,13
4499,New Delhi,"Jaypee Vasant Continental, Vasant Vihar",28.55650347,77.16443762,13
4235,New Delhi,"Jaypee Vasant Continental, Vasant Vihar",28.55650347,77.16443762,13
4500,New Delhi,"Jaypee Vasant Continental, Vasant Vihar",28.55650347,77.16443762,13
4234,New Delhi,"Jaypee Vasant Continental, Vasant Vihar",28.55650347,77.16443762,13
4501,New Delhi,"Jaypee Vasant Continental, Vasant Vihar",28.55650347,77.16443762,13
308243,New Delhi,"JMD Kohinoor Mall, Greater Kailash",28.5364178,77.2383021,13
703,New Delhi,"JMD Kohinoor Mall, Greater Kailash",28.5366985,77.2385844,13
18334427,New Delhi,"JMD Kohinoor Mall, Greater Kailash",28.5364802,77.2385653,13
310529,New Delhi,"JMD Kohinoor Mall, Greater Kailash",28.5367169,77.2386159,13
309844,New Delhi,"JMD Kohinoor Mall, Greater Kailash",28.5367441,77.2386106,13
306034,New Delhi,JNU,28.5490023,77.1810079,13
303604,New Delhi,JNU,28.54865293,77.16718253,13
1505,New Delhi,JNU,28.5494286,77.1807722,13
303583,New Delhi,JNU,28.5474027,77.1656368,13
18175324,New Delhi,JNU,28.5490027,77.1811526,13
18391147,New Delhi,JNU,28.5495565,77.1811374,13
301130,New Delhi,JNU,28.5441245,77.1783133,13
18354985,New Delhi,JNU,28.5489782,77.1811823,13
18414503,New Delhi,JNU,28.5488714,77.1810026,13
7807,New Delhi,JNU,28.54979385,77.18089364,13
300887,New Delhi,Jor Bagh,28.58429443,77.21763119,13
306251,New Delhi,JW Marriott New Delhi,28.552895,77.121445,14
18144453,New Delhi,Kailash Colony,28.5531043,77.2398107,13
7862,New Delhi,Kailash Colony,28.5526774,77.2416379,13
7857,New Delhi,Kailash Colony,28.5525536,77.2412786,13
2874,New Delhi,Kailash Colony,28.5536849,77.2409194,13
18252369,New Delhi,Kailash Colony,28.5538898,77.2411888,13
18228895,New Delhi,Kailash Colony,28.5571618,77.2402459,13
2583,New Delhi,Kailash Colony,28.5536763,77.2408296,13
304876,New Delhi,Kailash Colony,28.556673,77.2402908,13
308407,New Delhi,Kailash Colony,28.557442,77.236741,13
18492050,New Delhi,Kailash Colony,28.5563436,77.2360071,13
18492052,New Delhi,Kailash Colony,28.5565383,77.2355758,13
18449620,New Delhi,Kailash Colony,28.553673,77.243649,13
18452403,New Delhi,Kailash Colony,28.5551789,77.2415481,13
18425740,New Delhi,Kailash Colony,28.5527158,77.241099,13
18435830,New Delhi,Kailash Colony,28.555918,77.238586,13
18473378,New Delhi,Kailash Colony,28.5536763,77.2408296,13
18452241,New Delhi,Kailash Colony,28.5535184,77.2401111,13
3190,New Delhi,Kailash Colony,28.5527692,77.2421318,13
3041,New Delhi,Kailash Colony,28.5527286,77.2421767,13
18441798,New Delhi,Kailash Colony,28.5526433,77.2412786,13
306505,New Delhi,Kalkaji,28.53853483,77.25765813,13
302868,New Delhi,Kalkaji,28.5441688,77.251157,13
7383,New Delhi,Kalkaji,28.54153378,77.25511976,13
302793,New Delhi,Kalkaji,28.53451667,77.26001167,13
9993,New Delhi,Kalkaji,28.52530273,77.26306513,13
9985,New Delhi,Kalkaji,28.52576,77.263331,13
18138461,New Delhi,Kalkaji,28.53920667,77.25950785,13
306957,New Delhi,Kalkaji,28.53706949,77.26394121,13
7590,New Delhi,Kalkaji,28.52562912,77.25476302,13
9620,New Delhi,Kalkaji,28.5409875,77.2563653,13
302884,New Delhi,Kalkaji,28.53930504,77.25926813,13
309238,New Delhi,Kalkaji,28.54024549,77.25810573,13
309609,New Delhi,Kalkaji,28.54423341,77.25107197,13
18414477,New Delhi,Kalkaji,28.537027,77.257337,13
9992,New Delhi,Kalkaji,28.53320649,77.25989409,13
18224572,New Delhi,Kalkaji,28.54442544,77.251193,13
312594,New Delhi,Kalkaji,28.537134000000002,77.260126,13
312728,New Delhi,Kalkaji,28.54013,77.258148,13
18025133,New Delhi,Kalkaji,28.54143056,77.25543889,13
7329,New Delhi,Kalkaji,28.5421747,77.2537612,13
302892,New Delhi,Kalkaji,28.53072249,77.2569098,13
302893,New Delhi,Kalkaji,28.53074722,77.25698889,13
309533,New Delhi,Kalkaji,28.53283056,77.25312778,13
18376487,New Delhi,Kalkaji,28.5423284,77.2534918,13
302895,New Delhi,Kalkaji,28.52827222,77.25608056,13
302896,New Delhi,Kalkaji,28.52800925,77.25624796,13
9776,New Delhi,Kalkaji,28.54369031,77.25087617,13
18245255,New Delhi,Kalkaji,28.54072765,77.25705095000001,13
309648,New Delhi,Kalkaji,28.5442178,77.25120507,13
18285214,New Delhi,Kalkaji,28.52833711,77.25578628,13
302938,New Delhi,Kalkaji,28.53103056,77.24575,13
18396545,New Delhi,Kalkaji,28.5419405,77.25391286,13
18414495,New Delhi,Kalkaji,28.5415619,77.2553326,13
311891,New Delhi,Kalkaji,28.5302637,77.2583896,13
312372,New Delhi,Kalkaji,28.5309441,77.2568858,13
8949,New Delhi,Kalkaji,28.54172876,77.25677937,13
302898,New Delhi,Kalkaji,28.5437554,77.25065958,13
302710,New Delhi,Kalkaji,28.53519117,77.25814529,13
9998,New Delhi,Kalkaji,28.52588599,77.2634745,13
18317229,New Delhi,Kalkaji,28.53815752,77.2594998,13
9623,New Delhi,Kalkaji,28.54165,77.25519444,13
3634,New Delhi,Kalkaji,28.54306356,77.2520322,13
7382,New Delhi,Kalkaji,28.54185423,77.25657452,13
1866,New Delhi,Kalkaji,28.5429843,77.2519915,13
304783,New Delhi,Kalkaji,28.535954,77.25765,13
302811,New Delhi,Kalkaji,28.53804707,77.26170357,13
308664,New Delhi,Kalkaji,28.537134000000002,77.260126,13
18133506,New Delhi,Kalkaji,28.53269444,77.25889722,13
305293,New Delhi,Kalkaji,28.54166043,77.25539435,13
2211,New Delhi,Kalkaji,28.5417988,77.2554673,13
9622,New Delhi,Kalkaji,28.54313277,77.24925745,13
18281989,New Delhi,Kalkaji,28.52858425,77.2552998,13
18365855,New Delhi,Kalkaji,28.537766,77.25938,13
309737,New Delhi,Kalkaji,28.54319403,77.25188736,13
18386707,New Delhi,Kalkaji,28.54270391,77.25268575,13
309338,New Delhi,Kalkaji,28.54287123,77.24800486,13
18380155,New Delhi,Kalkaji,28.5422688,77.2528632,13
18372686,New Delhi,Kalkaji,28.530672,77.257216,13
3610,New Delhi,Kalkaji,28.542481,77.253107,13
3054,New Delhi,Kalkaji,28.53444508,77.25814059,13
311267,New Delhi,Kalkaji,28.54019601,77.25816473,13
307951,New Delhi,Kalkaji,28.54286122,77.25293074,13
1876,New Delhi,Kalkaji,28.5417947,77.2544796,13
412,New Delhi,Kalkaji,28.54195702,77.25427318,13
3635,New Delhi,Kalkaji,28.540697,77.2570837,13
9654,New Delhi,Kalkaji,28.54400044,77.25048993,13
18354973,New Delhi,Kalkaji,28.5417806,77.25476695,13
311014,New Delhi,Kalkaji,28.5382626,77.2616631,13
4325,New Delhi,Kalkaji,28.5446085,77.2510672,13
18322653,New Delhi,Kalkaji,28.54347678,77.24908177,13
9557,New Delhi,Kalkaji,28.54201092,77.25578561,13
9470,New Delhi,Kamla Nagar,28.6809045,77.2071483,15
306491,New Delhi,Kamla Nagar,28.6778705,77.2061353,15
640,New Delhi,Kamla Nagar,28.6817513,77.2072484,15
305161,New Delhi,Kamla Nagar,28.6823671,77.197804,15
306149,New Delhi,Kamla Nagar,28.6820522,77.2048113,15
1197,New Delhi,Kamla Nagar,28.67991553,77.20841881,15
18198467,New Delhi,Kamla Nagar,28.6819638,77.2066978,15
311903,New Delhi,Kamla Nagar,28.67940137,77.1953759,15
18458665,New Delhi,Kamla Nagar,28.6834998,77.2012178,15
6651,New Delhi,Kamla Nagar,28.6839604,77.2048445,15
311076,New Delhi,Kamla Nagar,28.68010437,77.19552509,15
9001,New Delhi,Kamla Nagar,28.6770968,77.207839,15
8995,New Delhi,Kamla Nagar,28.6819382,77.1982887,15
7689,New Delhi,Kamla Nagar,28.6824755,77.2064283,15
307959,New Delhi,Kamla Nagar,28.6826214,77.20048,15
18222571,New Delhi,Kamla Nagar,28.6808616,77.2073715,15
310202,New Delhi,Kamla Nagar,28.6821675,77.2050808,15
301470,New Delhi,Kamla Nagar,28.6816581,77.1986842,15
5433,New Delhi,Kamla Nagar,28.6823852,77.199757,15
18349733,New Delhi,Kamla Nagar,28.6815983,77.20695868,15
18421019,New Delhi,Kamla Nagar,28.6780077,77.1890553,15
18317510,New Delhi,Kamla Nagar,28.6798964,77.2084945,15
303104,New Delhi,Kamla Nagar,28.6786891,77.2080453,15
8991,New Delhi,Kamla Nagar,28.6799319,77.1999533,15
6662,New Delhi,Kamla Nagar,28.675602,77.2029247,15
18365889,New Delhi,Kamla Nagar,28.6826461,77.2034689,15
18245268,New Delhi,Kamla Nagar,28.6806976,77.2075063,15
309856,New Delhi,Kamla Nagar,28.6772166,77.1963486,15
309604,New Delhi,Kamla Nagar,28.68100278,77.20744444,15
18332062,New Delhi,Kamla Nagar,28.680111,77.208375,15
6658,New Delhi,Kamla Nagar,28.6787442,77.201128,15
9644,New Delhi,Kamla Nagar,28.6834998,77.2012178,15
18349974,New Delhi,Kamla Nagar,28.6809212,77.20738649,15
2267,New Delhi,Kamla Nagar,28.67999,77.2082938,15
18377630,New Delhi,Kamla Nagar,28.679521,77.2083148,15
18289256,New Delhi,Kamla Nagar,28.6826835,77.2062459,15
300849,New Delhi,Kamla Nagar,28.6763014,77.2027451,15
6675,New Delhi,Kamla Nagar,28.6779587,77.2066539,15
18430598,New Delhi,Kamla Nagar,28.680957,77.208147,15
303082,New Delhi,Kamla Nagar,28.6812887,77.1987024,15
309805,New Delhi,Kamla Nagar,28.68121151,77.20720008,15
302972,New Delhi,Kamla Nagar,28.6778732,77.206069,15
7667,New Delhi,Kamla Nagar,28.6814952,77.2074165,15
307327,New Delhi,Kamla Nagar,28.6822359,77.1992414,15
304461,New Delhi,Kamla Nagar,28.6808854,77.2075961,15
300854,New Delhi,Kamla Nagar,28.6802681,77.2030146,15
306402,New Delhi,Kamla Nagar,28.6812987,77.2006788,15
18157402,New Delhi,Kamla Nagar,28.68162389,77.20699288,15
2272,New Delhi,Kamla Nagar,28.6796019,77.208225,15
18261675,New Delhi,Kamla Nagar,28.6709291,77.1934017,15
18458347,New Delhi,Kamla Nagar,28.68086237,77.20392846,15
307415,New Delhi,Kamla Nagar,28.6835489,77.2012628,15
8985,New Delhi,Kamla Nagar,28.6825417,77.2033739,15
6667,New Delhi,Kamla Nagar,28.6777235,77.2054401,15
18294234,New Delhi,Kamla Nagar,28.720838,77.173372,-1
18458013,New Delhi,Kamla Nagar,28.6801444,77.2083451,15
18218265,New Delhi,Kamla Nagar,28.6776821,77.2051282,15
18460325,New Delhi,Kamla Nagar,28.6766471,77.2079014,15
18458658,New Delhi,Kamla Nagar,28.6689477,77.196097,15
18458655,New Delhi,Kamla Nagar,28.6675893,77.1991559,13
4227,New Delhi,Kamla Nagar,28.6839245,77.2047215,15
5083,New Delhi,Kapashera,28.51647834,77.07889594,10
302254,New Delhi,Kapashera,28.5161533,77.0784756,10
300973,New Delhi,Karampura,28.66228784,77.14673806,16
307069,New Delhi,Karampura,28.66223077,77.14636557,16
305289,New Delhi,Karampura,28.66439777,77.14383926,16
18376493,New Delhi,Karkardooma,28.65678454,77.29406979,8
307989,New Delhi,Karkardooma,28.65676424,77.29405772,8
310899,New Delhi,Karkardooma,28.6511682,77.3054936,8
18322591,New Delhi,Karkardooma,28.6534064,77.3027743,8
302488,New Delhi,Karkardooma,28.6515495,77.3050378,8
3173,New Delhi,Karkardooma,28.649656,77.3047359,8
313413,New Delhi,Karkardooma,28.6475149,77.3024918,8
307818,New Delhi,Karkardooma,28.6520694,77.3070793,8
310332,New Delhi,Karkardooma,28.6486474,77.303195,8
2295,New Delhi,Karkardooma,28.6484654,77.302196,8
18361742,New Delhi,Karkardooma,28.6537039,77.3090365,8
303578,New Delhi,Karkardooma,28.6479181,77.3031754,8
18429394,New Delhi,Karkardooma,28.6601143,77.304534,8
6705,New Delhi,Karkardooma,28.6509065,77.3051329,8
18250020,New Delhi,Karkardooma,28.6528252,77.3079592,8
18235498,New Delhi,Karkardooma,28.654069,77.3094489,8
300910,New Delhi,Karkardooma,28.6492275,77.3023084,8
18317477,New Delhi,Karkardooma,28.6461321,77.3011095,8
308638,New Delhi,Karkardooma,28.6594593,77.3062599,8
1270,New Delhi,Karkardooma,28.6480355,77.3029072,8
18268715,New Delhi,Karkardooma,28.6484283,77.3023672,8
312518,New Delhi,Karkardooma,28.6467421,77.3020809,8
304028,New Delhi,Karol Bagh,28.646476,77.1952884,13
7422,New Delhi,Karol Bagh,28.6470539,77.1919642,13
306096,New Delhi,Karol Bagh,28.65456149,77.18920413,13
7450,New Delhi,Karol Bagh,28.64779259,77.18937848,13
306106,New Delhi,Karol Bagh,28.6458903,77.1872922,13
303963,New Delhi,Karol Bagh,28.64590801,77.1968947,13
18124379,New Delhi,Karol Bagh,28.6457369,77.1875617,13
310758,New Delhi,Karol Bagh,28.6576903,77.1889094,13
309606,New Delhi,Karol Bagh,28.6458068,77.1868879,13
2408,New Delhi,Karol Bagh,28.6448625,77.1899106,13
309560,New Delhi,Karol Bagh,28.65824145,77.19380312,13
306405,New Delhi,Karol Bagh,28.6467961,77.1892688,13
5529,New Delhi,Karol Bagh,28.65432847,77.19036754,13
9459,New Delhi,Karol Bagh,28.6455636,77.1838779,13
300359,New Delhi,Karol Bagh,28.65947151,77.20330585,13
18128869,New Delhi,Karol Bagh,28.64356644,77.18858656,13
9011,New Delhi,Karol Bagh,28.6457749,77.1870226,13
5507,New Delhi,Karol Bagh,28.65203681,77.19397243,13
303704,New Delhi,Karol Bagh,28.64837929,77.18398858,13
1924,New Delhi,Karol Bagh,28.649189,77.1912316,13
300257,New Delhi,Karol Bagh,28.64568939,77.19076987,13
7534,New Delhi,Karol Bagh,28.65377446,77.19484482,13
1925,New Delhi,Karol Bagh,28.6464708,77.1877414,13
311719,New Delhi,Karol Bagh,28.6494371,77.1962767,13
1926,New Delhi,Karol Bagh,28.6462267,77.1894036,13
306392,New Delhi,Karol Bagh,28.64555639,77.18532767,13
306338,New Delhi,Karol Bagh,28.64546136,77.18557075,13
1905,New Delhi,Karol Bagh,28.6478036,77.1904368,13
300350,New Delhi,Karol Bagh,28.65795725,77.20225945,13
7424,New Delhi,Karol Bagh,28.6473123,77.1919134,13
1906,New Delhi,Karol Bagh,28.6484406,77.1924134,13
1908,New Delhi,Karol Bagh,28.65404367,77.19053082,13
1618,New Delhi,Karol Bagh,28.645475,77.190378,13
309064,New Delhi,Karol Bagh,28.6434385,77.1888196,13
1931,New Delhi,Karol Bagh,28.64772433,77.18850777,13
18277018,New Delhi,Karol Bagh,28.6467961,77.1892688,13
18425764,New Delhi,Karol Bagh,28.64966566,77.19650377,13
1933,New Delhi,Karol Bagh,28.6471494,77.1882805,13
2411,New Delhi,Karol Bagh,28.6470942,77.1886399,13
18377922,New Delhi,Karol Bagh,28.64335635,77.18888596,13
18138437,New Delhi,Karol Bagh,28.6488288,77.19822,13
4655,New Delhi,Karol Bagh,28.65432818,77.19013385,13
18289258,New Delhi,Karol Bagh,28.6504028,77.1923236,13
18198463,New Delhi,Karol Bagh,28.6436297,77.18873441,13
300347,New Delhi,Karol Bagh,28.6478036,77.1904368,13
300661,New Delhi,Karol Bagh,28.65492631,77.20037386,13
18349796,New Delhi,Karol Bagh,28.64902483,77.18920581,13
306643,New Delhi,Karol Bagh,28.64350406,77.19041716,13
305758,New Delhi,Karol Bagh,28.6471752,77.18855,13
18240475,New Delhi,Karol Bagh,28.64575501,77.18687464,13
18238241,New Delhi,Karol Bagh,28.6521871,77.1941204,13
306071,New Delhi,Karol Bagh,28.65306658,77.19434593,13
8864,New Delhi,Karol Bagh,28.65448764,77.19039503,13
9643,New Delhi,Karol Bagh,28.65494308,77.20031988,13
9016,New Delhi,Karol Bagh,28.649659,77.1901673,13
300594,New Delhi,Karol Bagh,28.64337636,77.18897313,13
8872,New Delhi,Karol Bagh,28.65951887,77.18914345,13
2407,New Delhi,Karol Bagh,28.6455898,77.1907064,13
7526,New Delhi,Karol Bagh,28.6507302,77.1928736,13
306403,New Delhi,Karol Bagh,28.6467961,77.1892688,13
1301,New Delhi,Karol Bagh,28.647073,77.188527,13
1904,New Delhi,Karol Bagh,28.6491762,77.1911718,13
18322672,New Delhi,Karol Bagh,28.65337815,77.19195507,13
5560,New Delhi,Karol Bagh,28.65317426,77.191827,13
307332,New Delhi,Karol Bagh,28.6435122,77.1905267,13
311755,New Delhi,Karol Bagh,28.64338136,77.18890373,13
18396684,New Delhi,Karol Bagh,28.66,77.2,13
18453049,New Delhi,Karol Bagh,28.66188863,77.20509924,13
312000,New Delhi,Karol Bagh,28.6585277,77.2032841,13
18203154,New Delhi,Karol Bagh,28.65867981,77.2027979,13
305360,New Delhi,Karol Bagh,28.64438885,77.18823351,13
1923,New Delhi,Karol Bagh,28.64877767,77.18952768,13
8933,New Delhi,Karol Bagh,28.64349552,77.19061162,13
312003,New Delhi,Karol Bagh,28.65467653,77.19055898,13
18446504,New Delhi,Karol Bagh,28.64370267,77.18803234,13
3541,New Delhi,"Kasbah, Greater Kailash (GK) 1",28.556869,77.2329263,13
189,New Delhi,Kashmiri Gate,28.6676442,77.2293337,13
18322651,New Delhi,Khan Market,28.5997542,77.2263032,13
5586,New Delhi,Khan Market,28.6005258,77.2273577,13
303574,New Delhi,Khan Market,28.6004185,77.2252919,13
304628,New Delhi,Khan Market,28.6095619,77.2276721,13
4624,New Delhi,Khan Market,28.6003209,77.2270883,13
1614,New Delhi,Khan Market,28.6006239,77.2274475,13
8244,New Delhi,Khan Market,28.6005429,77.2275373,13
3406,New Delhi,Khan Market,28.6008757,77.2272679,13
309576,New Delhi,Khan Market,28.5999361,77.2260623,13
4741,New Delhi,Khan Market,28.5999579,77.2261003,13
310674,New Delhi,Khan Market,28.5999453,77.2269086,13
1901,New Delhi,Khan Market,28.600052,77.2270883,13
813,New Delhi,Khan Market,28.5999935,77.2276954,13
304989,New Delhi,Khan Market,28.5997809,77.2265943,13
300642,New Delhi,Khan Market,28.6025572,77.2279864,13
307284,New Delhi,Khan Market,28.6001414,77.2267949,13
844,New Delhi,Khan Market,28.6007455,77.2273128,13
308337,New Delhi,Khan Market,28.6003637,77.2275373,13
307822,New Delhi,Khan Market,28.6007115,77.227379,13
3425,New Delhi,Khan Market,28.5996365,77.2264353,13
6271,New Delhi,Khan Market,28.6006577,77.2259206,13
312710,New Delhi,Khan Market,28.5997575,77.2268188,13
18255125,New Delhi,Khan Market,28.5997809,77.2265943,13
18285728,New Delhi,Khan Market,28.602474,77.2280043,13
305686,New Delhi,Khan Market,28.5999538,77.2269984,13
154,New Delhi,Khan Market,28.5998597,77.2260104,13
18361747,New Delhi,Khan Market,28.6010869,77.2271332,13
9618,New Delhi,Khan Market,28.5999548,77.2269577,13
307370,New Delhi,Khan Market,28.6000435,77.2269984,13
307802,New Delhi,Khan Market,28.6000351,77.2270521,13
307799,New Delhi,Khan Market,28.6005429,77.2275373,13
18486842,New Delhi,Khan Market,28.6002736,77.2273075,13
18419910,New Delhi,Khan Market,28.6002569,77.2273577,13
4296,New Delhi,Khan Market,28.5997872,77.2261901,13
2632,New Delhi,Khan Market,28.6005429,77.2275373,13
7227,New Delhi,Khan Market,28.5998768,77.2261901,13
18221038,New Delhi,Khan Market,28.5997318,77.2265493,13
313299,New Delhi,Khan Market,28.5998768,77.2261901,13
300656,New Delhi,Khan Market,28.6000435,77.2269984,13
313207,New Delhi,Khan Market,28.6007136,77.2274475,13
309788,New Delhi,Khan Market,28.6000106,77.2262463,13
18082237,New Delhi,Khan Market,28.5997404,77.2266392,13
311531,New Delhi,Khan Market,28.5998374,77.2257861,13
18273615,New Delhi,Khan Market,28.6001416,77.2270883,13
17953908,New Delhi,Kirti Nagar,28.6501384,77.1438291,16
305722,New Delhi,Kirti Nagar,28.6461556,77.1391671,16
18430600,New Delhi,Kirti Nagar,28.6550605,77.1380354,16
18441800,New Delhi,Kirti Nagar,28.655071,77.136989,16
18337965,New Delhi,Kirti Nagar,28.6542971,77.1371133,16
300452,New Delhi,Kirti Nagar,28.653603,77.1466722,16
5590,New Delhi,Kirti Nagar,28.6543213,77.1358371,16
18070502,New Delhi,Kirti Nagar,28.6491551,77.1316231,16
312098,New Delhi,Kirti Nagar,28.6489905,77.130681,16
303635,New Delhi,Kirti Nagar,28.6560415,77.1406718,16
302456,New Delhi,Kirti Nagar,28.6529002,77.1423902,16
9549,New Delhi,Kirti Nagar,28.6493759,77.1330407,16
306488,New Delhi,Kirti Nagar,28.6554914,77.1379553,16
302142,New Delhi,Kirti Nagar,28.6556035,77.1407751,16
18350118,New Delhi,Kirti Nagar,28.6545957,77.1373231,16
7396,New Delhi,Kirti Nagar,28.6546527,77.1374776,16
18435836,New Delhi,Kirti Nagar,28.6541881,77.136123,16
18277180,New Delhi,Kirti Nagar,28.6474775,77.1312221,16
18366018,New Delhi,Kirti Nagar,28.6489945,77.1306854,16
308555,New Delhi,Kirti Nagar,28.65784633,77.14861963,16
306662,New Delhi,Kirti Nagar,28.6497956,77.1321064,16
310253,New Delhi,Kirti Nagar,28.6563972,77.1501141,16
5664,New Delhi,Kirti Nagar,28.6489052,77.1311592,16
18460329,New Delhi,Kirti Nagar,28.648918,77.1313623,16
18360284,New Delhi,Kirti Nagar,28.64679749,77.14399081,16
9552,New Delhi,Kirti Nagar,28.648963,77.1312308,16
308156,New Delhi,Kirti Nagar,28.6521954,77.1438903,16
308189,New Delhi,Kirti Nagar,28.6489773,77.1306799,16
300448,New Delhi,Kirti Nagar,28.6522005,77.1300673,16
311944,New Delhi,Kirti Nagar,28.6484901,77.1302026,16
9550,New Delhi,Kirti Nagar,28.6489962,77.1306672,16
18198179,New Delhi,Kirti Nagar,28.6522777,77.1299154,16
7400,New Delhi,Kirti Nagar,28.6546474,77.1374915,16
309289,New Delhi,Kirti Nagar,28.650206,77.1366651,16
18365872,New Delhi,Kirti Nagar,28.6553478,77.1422056,16
9050,New Delhi,Kirti Nagar,28.655369,77.1384066,16
18366011,New Delhi,Kirti Nagar,28.6494447,77.1317062,16
305720,New Delhi,Kirti Nagar,28.6570621,77.1407866,16
4036,New Delhi,Kirti Nagar,28.6506233,77.142172,16
5658,New Delhi,Kirti Nagar,28.65249167,77.13043333,16
5659,New Delhi,Kirti Nagar,28.6489309,77.1313127,16
18265677,New Delhi,Kirti Nagar,28.6557286,77.1384406,16
309998,New Delhi,Kirti Nagar,28.6543517,77.1362569,16
18201995,New Delhi,Kirti Nagar,28.6489739,77.130674,16
306245,New Delhi,Kirti Nagar,28.6546314,77.1375537,16
306168,New Delhi,Kirti Nagar,28.6552663,77.1428519,16
18365996,New Delhi,Kirti Nagar,28.6521899,77.1438814,16
303350,New Delhi,Kirti Nagar,28.6555949,77.1394952,16
18378056,New Delhi,Kirti Nagar,28.6575383,77.1519824,16
9513,New Delhi,Kirti Nagar,28.6518949,77.129287,16
18303704,New Delhi,Kirti Nagar,28.6554434,77.1374755,16
308111,New Delhi,Kirti Nagar,28.6559956,77.1409427,16
312922,New Delhi,Kirti Nagar,28.6503488,77.1367382,16
3918,New Delhi,Kirti Nagar,28.6517775,77.1284425,16
308784,New Delhi,Kirti Nagar,28.6568197,77.1466423,16
2316,New Delhi,Krishna Nagar,28.661112,77.2862616,8
2315,New Delhi,Krishna Nagar,28.6611167,77.2861883,8
301208,New Delhi,Krishna Nagar,28.66551167,77.284295,8
18258507,New Delhi,Krishna Nagar,28.65854624,77.27581099,8
313091,New Delhi,Krishna Nagar,28.57606,77.24231,13
313381,New Delhi,Krishna Nagar,28.65905,77.2821,8
301201,New Delhi,Krishna Nagar,28.6590466,77.273111,8
309496,New Delhi,Krishna Nagar,28.658652,77.2722581,8
2297,New Delhi,Krishna Nagar,28.6593514,77.2815054,8
305003,New Delhi,Krishna Nagar,28.6602651,77.2814976,8
306310,New Delhi,Krishna Nagar,28.65986279,77.2882675,8
18332058,New Delhi,Krishna Nagar,28.65981866,77.280646,8
312747,New Delhi,Krishna Nagar,28.6522731,77.2778171,8
6128,New Delhi,Krishna Nagar,28.66104399,77.2788164,8
304994,New Delhi,Krishna Nagar,28.6602119,77.2812826,8
313132,New Delhi,Krishna Nagar,28.65951181,77.27833997,8
18423095,New Delhi,Krishna Nagar,28.6523602,77.2779662,8
18378024,New Delhi,Krishna Nagar,28.6592567,77.2836334,8
313508,New Delhi,Krishna Nagar,28.65975,77.285347,8
301213,New Delhi,Krishna Nagar,28.6589025,77.2723274,8
8293,New Delhi,Krishna Nagar,28.6596933,77.279894,8
309495,New Delhi,Krishna Nagar,28.6577411,77.2725723,8
305565,New Delhi,Krishna Nagar,28.652309,77.2767835,8
309489,New Delhi,Krishna Nagar,28.6593873,77.2819196,8
3772,New Delhi,Krishna Nagar,28.6592597,77.2815369,8
301204,New Delhi,Krishna Nagar,28.6579219,77.2843782,8
18421495,New Delhi,Krishna Nagar,28.6573761,77.2805179,8
306656,New Delhi,Krishna Nagar,28.652892,77.2776449,8
18126085,New Delhi,Krishna Nagar,28.6598057,77.2829867,8
308942,New Delhi,Krishna Nagar,28.6592244,77.2836092,8
309254,New Delhi,Krishna Nagar,28.6573846,77.2806076,8
301417,New Delhi,Krishna Nagar,28.6583725,77.2750291,8
301203,New Delhi,Krishna Nagar,28.6602389,77.2814156,8
18014143,New Delhi,Krishna Nagar,28.6515992,77.2781836,8
309793,New Delhi,Krishna Nagar,28.65563419,77.28203908,8
6131,New Delhi,Krishna Nagar,28.6595627,77.2794854,8
309498,New Delhi,Krishna Nagar,28.6588784,77.27633871,8
1274,New Delhi,Krishna Nagar,28.6598889,77.2833907,8
309481,New Delhi,Krishna Nagar,28.6580718,77.2738859,8
301207,New Delhi,Krishna Nagar,28.6565918,77.2731712,8
18409201,New Delhi,Krishna Nagar,28.6519405,77.2780041,8
308938,New Delhi,Krishna Nagar,28.6575847,77.2855453,8
18282453,New Delhi,Krishna Nagar,28.65124712,77.28353441,8
18421474,New Delhi,Krishna Nagar,28.6551369,77.2821467,8
18377904,New Delhi,Krishna Nagar,28.65558682,77.28215106,8
18421482,New Delhi,Krishna Nagar,28.6555214,77.2822453,8
18433869,New Delhi,Krishna Nagar,28.660629,77.2825524,8
18376495,New Delhi,Krishna Nagar,28.65748122,77.28349753,8
309483,New Delhi,Krishna Nagar,28.6588582,77.2762894,8
18323446,New Delhi,Krishna Nagar,28.65655592,77.28099915,8
18423892,New Delhi,Krishna Nagar,28.6576075,77.2842188,8
18432000,New Delhi,Krishna Nagar,28.6590094,77.2808326,8
18261956,New Delhi,Krishna Nagar,28.66,77.28,8
18378017,New Delhi,Krishna Nagar,28.65948063,77.27822732,8
18126099,New Delhi,Krishna Nagar,28.6602512,77.2815094,8
18423101,New Delhi,Krishna Nagar,28.6525016,77.2777796,8
18376513,New Delhi,Krishna Nagar,28.6590094,77.2730949,8
18432218,New Delhi,Krishna Nagar,28.6597564,77.2829523,8
18255168,New Delhi,Krishna Nagar,28.6594361,77.2820172,8
18222598,New Delhi,Krishna Nagar,28.651044,77.285269,8
18431979,New Delhi,Krishna Nagar,28.65997,77.2833009,8
313225,New Delhi,Krishna Nagar,28.660019,77.2833458,8
18423103,New Delhi,Krishna Nagar,28.6530845,77.2777667,8
308940,New Delhi,Krishna Nagar,28.6600095,77.2832005,8
18433871,New Delhi,Krishna Nagar,28.659873,77.2831828,8
308928,New Delhi,Krishna Nagar,28.65814167,77.28492778,8
18458342,New Delhi,Krishna Nagar,28.6578175,77.28106979,8
18382338,New Delhi,Lado Sarai,28.523803,77.195496,13
17977751,New Delhi,Lado Sarai,28.5291758,77.1939597,13
18382373,New Delhi,Lado Sarai,28.5278024,77.1922337,13
18415370,New Delhi,Lado Sarai,28.5278927,77.1941204,13
18472689,New Delhi,Lado Sarai,28.5280987,77.1918882,13
18385727,New Delhi,Lado Sarai,28.5231188,77.1954089,13
18414508,New Delhi,Lado Sarai,28.5231802,77.1954681,13
9571,New Delhi,Lajpat Nagar 1,28.57857977,77.23905969,13
313491,New Delhi,Lajpat Nagar 1,28.57548265,77.24256869,13
18260714,New Delhi,Lajpat Nagar 1,28.58,77.24,13
310344,New Delhi,Lajpat Nagar 1,28.57509517,77.2428349,13
9875,New Delhi,Lajpat Nagar 1,28.57557569,77.24261798,13
18396161,New Delhi,Lajpat Nagar 1,28.57518762,77.24215731,13
9572,New Delhi,Lajpat Nagar 1,28.57850528,77.24129397,13
18371289,New Delhi,Lajpat Nagar 1,28.578557,77.242238,13
18356840,New Delhi,Lajpat Nagar 1,28.573524,77.240304,13
303784,New Delhi,Lajpat Nagar 1,28.57534897,77.24246509,13
9906,New Delhi,Lajpat Nagar 1,28.57523591,77.24189311,13
305581,New Delhi,Lajpat Nagar 1,28.57749657,77.24015605,13
9588,New Delhi,Lajpat Nagar 1,28.56557384,77.24651657,13
312798,New Delhi,Lajpat Nagar 1,28.57573998,77.24151291,13
18361738,New Delhi,Lajpat Nagar 1,28.57453,77.245041,13
9579,New Delhi,Lajpat Nagar 1,28.57535368,77.24148139,13
309816,New Delhi,Lajpat Nagar 1,28.57443534,77.23999545,13
307283,New Delhi,Lajpat Nagar 1,28.57748273,77.23870397,13
311150,New Delhi,Lajpat Nagar 1,28.57326317,77.24144083,13
18294237,New Delhi,Lajpat Nagar 1,28.57591488,77.24159539,13
18455557,New Delhi,Lajpat Nagar 1,28.575746,77.2377796,13
18425773,New Delhi,Lajpat Nagar 1,28.5752885,77.2415063,13
310358,New Delhi,Lajpat Nagar 1,28.57287833,77.23935641,13
18425161,New Delhi,Lajpat Nagar 1,28.5786022,77.2410469,13
308704,New Delhi,Lajpat Nagar 1,28.57783516,77.23900907,13
18025089,New Delhi,Lajpat Nagar 1,28.57852765,77.23922364,13
18264993,New Delhi,Lajpat Nagar 1,28.5786572,77.23921526,13
18429151,New Delhi,Lajpat Nagar 1,28.5690147,77.2533595,13
18429161,New Delhi,Lajpat Nagar 1,28.569441,77.2529469,13
18425781,New Delhi,Lajpat Nagar 1,28.5751889,77.2430561,13
18446391,New Delhi,Lajpat Nagar 1,28.57748273,77.23870397,13
18481310,New Delhi,Lajpat Nagar 1,28.5753454,77.2393918,13
18425777,New Delhi,Lajpat Nagar 1,28.5753441,77.2427407,13
18429157,New Delhi,Lajpat Nagar 1,28.5694893,77.2529979,13
18265712,New Delhi,Lajpat Nagar 1,28.57387443,77.24355239,13
9599,New Delhi,Lajpat Nagar 1,28.57857859,77.24115785,13
18425148,New Delhi,Lajpat Nagar 1,28.5755255,77.2423223,13
18265724,New Delhi,Lajpat Nagar 1,28.57324197,77.24150252,13
18424905,New Delhi,Lajpat Nagar 1,28.5783107,77.2413122,13
7856,New Delhi,Lajpat Nagar 2,28.5690093,77.2437034,13
18365894,New Delhi,Lajpat Nagar 2,28.569244,77.2433442,13
18441523,New Delhi,Lajpat Nagar 2,28.5668537,77.2464874,13
18400728,New Delhi,Lajpat Nagar 2,28.5693419,77.2430012,13
310345,New Delhi,Lajpat Nagar 2,28.5701061,77.241099,13
9596,New Delhi,Lajpat Nagar 2,28.5659744,77.246667,13
302577,New Delhi,Lajpat Nagar 2,28.5702514,77.2445117,13
18334458,New Delhi,Lajpat Nagar 2,28.5701061,77.241099,13
4847,New Delhi,Lajpat Nagar 2,28.5674166,77.2466986,13
2601,New Delhi,Lajpat Nagar 2,28.5716356,77.2380758,13
3490,New Delhi,Lajpat Nagar 2,28.5694702,77.2428952,13
18349930,New Delhi,Lajpat Nagar 2,28.5693849,77.243883,13
7735,New Delhi,Lajpat Nagar 2,28.5666488,77.2462179,13
301239,New Delhi,Lajpat Nagar 2,28.571408,77.24065,13
7861,New Delhi,Lajpat Nagar 2,28.5714391,77.2403585,13
491,New Delhi,Lajpat Nagar 2,28.5710749,77.2390334,13
553,New Delhi,Lajpat Nagar 2,28.5650991,77.2384048,13
18426285,New Delhi,Lajpat Nagar 2,28.5702313,77.2430159,13
18345810,New Delhi,Lajpat Nagar 2,28.5710548,77.2393235,13
7906,New Delhi,Lajpat Nagar 2,28.5703451,77.2398417,13
311593,New Delhi,Lajpat Nagar 2,28.5711817,77.2392131,13
18466740,New Delhi,Lajpat Nagar 2,28.5717193,77.2373271,13
1533,New Delhi,Lajpat Nagar 4,28.5638657,77.2452301,13
9529,New Delhi,Lajpat Nagar 4,28.5637888,77.24065,13
311466,New Delhi,Lawrence Road,28.6920346,77.158043,15
5358,New Delhi,Lawrence Road,28.6897195,77.1598506,15
301532,New Delhi,Lawrence Road,28.6862629,77.1580879,15
18336529,New Delhi,Lawrence Road,28.6889256,77.1597056,15
301530,New Delhi,Lawrence Road,28.689127,77.1613602,15
18317975,New Delhi,Lawrence Road,28.6916824,77.1576386,15
18469935,New Delhi,Lawrence Road,28.69054589,77.16032244,15
300874,New Delhi,Lawrence Road,28.6906395,77.1602156,15
18357561,New Delhi,Lawrence Road,28.6916764,77.158043,15
18445793,New Delhi,Lawrence Road,28.690152,77.1577799,15
18449646,New Delhi,Lawrence Road,28.6834348,77.1555845,15
18445784,New Delhi,Lawrence Road,28.6889287,77.1595266,15
18378861,New Delhi,Lawrence Road,28.6918615,77.1576386,15
301677,New Delhi,Lawrence Road,28.68711,77.1627161,15
8537,New Delhi,Laxmi Nagar,28.631572,77.2791263,8
18268367,New Delhi,Laxmi Nagar,28.6367385,77.2846422,8
18244534,New Delhi,Laxmi Nagar,28.6340688,77.2828507,8
8517,New Delhi,Laxmi Nagar,28.6307187,77.2776898,8
310653,New Delhi,Laxmi Nagar,28.6301736,77.2731602,8
312479,New Delhi,Laxmi Nagar,28.634047,77.2787671,8
18222593,New Delhi,Laxmi Nagar,28.6305918,77.2761595,8
2012,New Delhi,Laxmi Nagar,28.631536,77.2784272,8
6265,New Delhi,Laxmi Nagar,28.6363729,77.2855554,8
9829,New Delhi,Laxmi Nagar,28.6366215,77.2866228,8
311949,New Delhi,Laxmi Nagar,28.6315528,77.278285,8
18421027,New Delhi,Laxmi Nagar,28.6342002,77.2813009,8
304957,New Delhi,Laxmi Nagar,28.6333642,77.2791263,8
305948,New Delhi,Laxmi Nagar,28.6312335,77.2773248,8
306113,New Delhi,Laxmi Nagar,28.6306728,77.2754966,8
305987,New Delhi,Laxmi Nagar,28.6398502,77.2794854,8
4935,New Delhi,Laxmi Nagar,28.6376483,77.2791124,8
313265,New Delhi,Laxmi Nagar,28.6318963,77.2787671,8
18414470,New Delhi,Laxmi Nagar,28.6341612,77.2817105,8
18377903,New Delhi,Laxmi Nagar,28.6386148,77.2842251,8
300729,New Delhi,Laxmi Nagar,28.6356053,77.2850649,8
9850,New Delhi,Laxmi Nagar,28.6358385,77.2853555,8
4939,New Delhi,Laxmi Nagar,28.6405769,77.2830396,8
18416369,New Delhi,Laxmi Nagar,28.6391685,77.2827592,8
311194,New Delhi,Laxmi Nagar,28.637565,77.2846595,8
1205,New Delhi,Laxmi Nagar,28.6378972,77.2889229,8
305949,New Delhi,Laxmi Nagar,28.6346399,77.2832549,8
18400760,New Delhi,Laxmi Nagar,28.6307187,77.2776898,8
18372696,New Delhi,Laxmi Nagar,28.6413024,77.2825534,8
9849,New Delhi,Laxmi Nagar,28.635231,77.2846148,8
305298,New Delhi,Laxmi Nagar,28.6352991,77.2841775,8
18451584,New Delhi,Laxmi Nagar,28.632793,77.281315,8
18291212,New Delhi,Laxmi Nagar,28.6328809,77.2807048,8
6072,New Delhi,Laxmi Nagar,28.6321211,77.2798618,8
308253,New Delhi,Laxmi Nagar,28.639466,77.2791913,8
18354257,New Delhi,Laxmi Nagar,28.63415519,77.28276461,8
6095,New Delhi,Laxmi Nagar,28.645585,77.2794854,8
305942,New Delhi,Laxmi Nagar,28.6300597,77.2732552,8
18208895,New Delhi,Laxmi Nagar,28.6351409,77.2759194,8
309190,New Delhi,Laxmi Nagar,28.6393449,77.2791371,8
311331,New Delhi,Laxmi Nagar,28.6370646,77.2882664,8
18418242,New Delhi,Laxmi Nagar,28.6391674,77.2798445,8
18365372,New Delhi,Laxmi Nagar,28.6342182,77.2813556,8
18415367,New Delhi,Laxmi Nagar,28.634669,77.2838434,8
18382755,New Delhi,Laxmi Nagar,28.6390651,77.2787671,8
312385,New Delhi,Laxmi Nagar,28.6368181,77.2859338,8
18345730,New Delhi,Laxmi Nagar,28.6355744,77.285893,8
312639,New Delhi,Laxmi Nagar,28.6378437,77.2868134,8
18381652,New Delhi,Laxmi Nagar,28.6398892,77.2836758,8
18440186,New Delhi,Laxmi Nagar,28.6306676,77.2773871,8
18421464,New Delhi,Laxmi Nagar,28.6302238,77.2762533,8
18440394,New Delhi,Laxmi Nagar,28.6302006,77.2777733,8
18441680,New Delhi,Laxmi Nagar,28.6302238,77.2762533,8
6122,New Delhi,Laxmi Nagar,28.6368165,77.2863012,8
584,New Delhi,Laxmi Nagar,28.634547,77.2835016,8
4725,New Delhi,Laxmi Nagar,28.6371081,77.2850298,8
18070486,New Delhi,Laxmi Nagar,28.6363985,77.2856137,8
3943,New Delhi,"Le Meridien, Janpath",28.6187736,77.2185552,13
3246,New Delhi,"Le Meridien, Janpath",28.6188632,77.2185552,13
4380,New Delhi,"Le Meridien, Janpath",28.6185594,77.2185114,13
6600,New Delhi,"Le Meridien, Janpath",28.6188547,77.2184654,13
3937,New Delhi,"Le Meridien, Janpath",28.6188632,77.2185552,13
3235,New Delhi,"Le Meridien, Janpath",28.6187207,77.2185653,13
306815,New Delhi,"Lemon Tree Premier, Aerocity",28.552036,77.120911,14
5869,New Delhi,"Living Style Mall, Jasola",28.5411661,77.2969779,19
18273623,New Delhi,"Living Style Mall, Jasola",28.5413659,77.2970442,19
2997,New Delhi,"Living Style Mall, Jasola",28.5411385,77.296874,19
3371,New Delhi,"Living Style Mall, Jasola",28.5411254,77.2967702,19
3003,New Delhi,"Living Style Mall, Jasola",28.54114,77.2968044,19
3004,New Delhi,"Living Style Mall, Jasola",28.541291,77.2968703,19
3744,New Delhi,"Living Style Mall, Jasola",28.5413197,77.2972363,19
9996,New Delhi,"Living Style Mall, Jasola",28.5412029,77.2967478,19
2999,New Delhi,"Living Style Mall, Jasola",28.5413284,77.2971584,19
9929,New Delhi,"Living Style Mall, Jasola",28.5413124,77.2968302,19
3002,New Delhi,"Living Style Mall, Jasola",28.541297,77.2972593,19
5899,New Delhi,"Living Style Mall, Jasola",28.541186,77.2969868,19
2995,New Delhi,"Living Style Mall, Jasola",28.5412728,77.29685,19
9316,New Delhi,Lodhi Colony,28.582058,77.220711,13
311766,New Delhi,Lodhi Colony,28.58455646,77.22361319,13
3493,New Delhi,Lodhi Colony,28.5838333,77.2205314,13
1407,New Delhi,Lodhi Colony,28.5863699,77.2264595,13
1917,New Delhi,Lodhi Colony,28.5867198,77.2263697,13
3497,New Delhi,Lodhi Colony,28.5829457,77.2206212,13
3494,New Delhi,Lodhi Colony,28.5837437,77.2205314,13
18222557,New Delhi,Lodhi Colony,28.5845896,77.2237649,13
1397,New Delhi,Lodhi Colony,28.5845134,77.226729,13
18346857,New Delhi,Lodhi Colony,28.5853283,77.2202427,13
6222,New Delhi,Lodhi Colony,28.5834749,77.2205314,13
5727,New Delhi,Lodhi Colony,28.5836257,77.2268188,13
776,New Delhi,Lodhi Colony,28.5823705,77.2269022,13
305604,New Delhi,Lodhi Colony,28.583169,77.226729,13
18391309,New Delhi,Lodhi Colony,28.5953744,77.1683836,13
313280,New Delhi,Lodhi Colony,28.58222618,77.22693745,13
18279453,New Delhi,Lodhi Colony,28.5852944,77.2264595,13
9315,New Delhi,Lodhi Colony,28.5807713,77.2208457,13
18438416,New Delhi,Lodhi Colony,28.5857905,77.2265194,13
303753,New Delhi,Lodhi Colony,28.5844597,77.226711,13
7515,New Delhi,Lodhi Colony,28.58456559,77.22656094,13
308195,New Delhi,Lodhi Colony,28.5836343,77.2269086,13
306088,New Delhi,Lodhi Colony,28.5855632,77.2264595,13
307223,New Delhi,Lodhi Colony,28.5821,77.226937,13
658,New Delhi,Lodhi Colony,28.5849428,77.2265367,13
304931,New Delhi,Lodhi Colony,28.584686,77.2239062,13
18277165,New Delhi,Lodhi Colony,28.5837316,77.223226,13
1819,New Delhi,Lodhi Colony,28.5887789,77.2258757,13
6203,New Delhi,Lodhi Road,28.5890553,77.23113,13
5840,New Delhi,Lodhi Road,28.5897758,77.2194086,13
307695,New Delhi,Lodhi Road,28.58997,77.225607,13
307693,New Delhi,Lodhi Road,28.58997,77.225607,13
301654,New Delhi,Lodhi Road,28.5811874,77.2209805,13
307696,New Delhi,Lodhi Road,28.59026109,77.22557187,13
6202,New Delhi,Lodhi Road,28.5891449,77.23113,13
300888,New Delhi,Lodhi Road,28.58415194,77.21767209,13
307694,New Delhi,Lodhi Road,28.58997,77.225607,13
311470,New Delhi,Lodhi Road,28.5842189,77.2264595,13
307692,New Delhi,Lodhi Road,28.58997,77.225607,13
4924,New Delhi,Lodhi Road,28.5910546,77.2222225,13
302742,New Delhi,Lodhi Road,28.5922808,77.2357472,13
18471330,New Delhi,Lodhi Road,28.5851606,77.2203517,13
6269,New Delhi,Lodhi Road,28.5836,77.22048056,13
18423145,New Delhi,Lodhi Road,28.5823457,77.2284355,13
18444040,New Delhi,Lodhi Road,28.5823408,77.2161735,13
18391691,New Delhi,Lodhi Road,28.58161703,77.21643761,13
1188,New Delhi,Lodhi Road,28.5904431,77.2210583,13
7353,New Delhi,Mahipalpur,28.5454809,77.1231232,14
7365,New Delhi,Mahipalpur,28.5422454,77.1183586,14
303851,New Delhi,Mahipalpur,28.549335,77.1277978,14
9097,New Delhi,Mahipalpur,28.542164,77.1184863,14
7317,New Delhi,Mahipalpur,28.54646,77.1249212,14
311067,New Delhi,Mahipalpur,28.5385371,77.1166056,14
305201,New Delhi,Mahipalpur,28.5429052,77.1228985,14
18312458,New Delhi,Mahipalpur,28.5452469,77.1281574,14
7332,New Delhi,Mahipalpur,28.5415025,77.1180889,14
305180,New Delhi,Mahipalpur,28.5434991,77.1243021,14
4312,New Delhi,Mahipalpur,28.5437505,77.1285132,14
18356811,New Delhi,Mahipalpur,28.5420749,77.1291911,14
7315,New Delhi,Mahipalpur,28.5473907,77.1252807,14
9145,New Delhi,Mahipalpur,28.5472115,77.1252807,14
18025111,New Delhi,Mahipalpur,28.5433267,77.1240222,14
303958,New Delhi,Mahipalpur,28.5470031,77.1245783,14
4311,New Delhi,Mahipalpur,28.5455533,77.1229435,14
7309,New Delhi,Mahipalpur,28.5462109,77.1237408,14
7307,New Delhi,Mahipalpur,28.5426875,77.1187632,14
4315,New Delhi,Mahipalpur,28.5467289,77.1249212,14
305151,New Delhi,Mahipalpur,28.5468118,77.1267191,14
7366,New Delhi,Mahipalpur,28.5492281,77.127618,14
9141,New Delhi,Mahipalpur,28.5437174,77.1285619,14
18333396,New Delhi,Mahipalpur,28.5467116,77.1247414,14
7363,New Delhi,Mahipalpur,28.5500399,77.1286068,14
305181,New Delhi,Mahipalpur,28.5434422,77.1242919,14
18403469,New Delhi,Mahipalpur,28.5446537,77.1238424,14
18416845,New Delhi,Mahipalpur,28.5459741,77.1254605,14
302475,New Delhi,Mahipalpur,28.5232706,77.0996976,-1
18489805,New Delhi,Mahipalpur,28.5441077,77.128427,14
302473,New Delhi,Mahipalpur,28.5332421,77.1077373,14
18361932,New Delhi,Mahipalpur,28.5489147,77.1333427,14
18414467,New Delhi,Mahipalpur,28.5386133,77.1167352,14
18358665,New Delhi,Mahipalpur,28.5354421,77.1137736,14
18358663,New Delhi,Mahipalpur,28.5415117,77.1181406,14
18489807,New Delhi,Mahipalpur,28.5434269,77.1241504,14
305183,New Delhi,Mahipalpur,28.5443024,77.1267191,14
305153,New Delhi,Mahipalpur,28.5472207,77.1250299,14
18372674,New Delhi,Mahipalpur,28.541621,77.1293063,14
18356797,New Delhi,Mahipalpur,28.5469805,77.1247414,14
18414511,New Delhi,Mahipalpur,28.5470234,77.1281314,14
18358661,New Delhi,Mahipalpur,28.5454551,77.1228536,14
18180072,New Delhi,Mahipalpur,28.5435869,77.1239323,14
18416830,New Delhi,Mahipalpur,28.543156,77.1241121,14
18357534,New Delhi,Mahipalpur,28.5429013,77.1249279,14
18356819,New Delhi,Mahipalpur,28.5438292,77.125056,14
18356795,New Delhi,Mahipalpur,28.5477027,77.1257302,14
18357529,New Delhi,Mahipalpur,28.5434512,77.1242983,14
311666,New Delhi,Mahipalpur,28.54348,77.1237525,14
18357541,New Delhi,Mahipalpur,28.5430525,77.1248542,14
312970,New Delhi,Mahipalpur,28.5435989,77.1231232,14
305190,New Delhi,Mahipalpur,28.5415121,77.1295415,14
303149,New Delhi,Mahipalpur,28.54953611,77.12881389,14
18168164,New Delhi,Mahipalpur,28.5432284,77.1239323,14
18489540,New Delhi,Mahipalpur,28.5469651,77.1264494,14
18268344,New Delhi,Mahipalpur,28.5495832,77.1285169,14
309219,New Delhi,Mahipalpur,28.545437,77.1229265,14
9129,New Delhi,Mahipalpur,28.5494988,77.1295057,14
18358657,New Delhi,Mahipalpur,28.5461773,77.1238424,14
312972,New Delhi,Mahipalpur,28.5440095,77.1283371,14
18415377,New Delhi,Mahipalpur,28.5413686,77.1297061,14
18489534,New Delhi,Mahipalpur,28.549416,77.1279227,14
18313112,New Delhi,Mahipalpur,28.5505165,77.1293709,14
18416842,New Delhi,Mahipalpur,28.5457776,77.1252807,14
7362,New Delhi,Mahipalpur,28.5451138,77.1230334,14
305189,New Delhi,Mahipalpur,28.5442619,77.126764,14
3286,New Delhi,"Maidens Hotel, Civil Lines",28.67367,77.2258308,13
4374,New Delhi,"Maidens Hotel, Civil Lines",28.6737511,77.2258029,13
4373,New Delhi,"Maidens Hotel, Civil Lines",28.6737019,77.2256961,13
18232577,New Delhi,Majnu ka Tila,28.7030113,77.2282559,15
18317502,New Delhi,Majnu ka Tila,28.7024763,77.2287499,15
18410770,New Delhi,Majnu ka Tila,28.7015464,77.2283906,15
18303701,New Delhi,Majnu ka Tila,28.702491,77.2284355,15
18272391,New Delhi,Majnu ka Tila,28.7003539,77.2276272,15
18422748,New Delhi,Majnu ka Tila,28.702491,77.2284355,15
18424643,New Delhi,Majnu ka Tila,28.7008446,77.2280763,15
304280,New Delhi,Majnu ka Tila,28.7033781,77.2283457,15
18272389,New Delhi,Majnu ka Tila,28.7000681,77.2274475,15
18261164,New Delhi,Majnu ka Tila,28.701847,77.2282559,15
18391757,New Delhi,Majnu ka Tila,28.7024763,77.2287499,15
18273526,New Delhi,Majnu ka Tila,28.6998976,77.2275373,15
309101,New Delhi,Majnu ka Tila,28.7014373,77.227717,15
18446419,New Delhi,Majnu ka Tila,28.7027192,77.2284804,15
18424639,New Delhi,Majnu ka Tila,28.7008361,77.2279864,15
18446411,New Delhi,Majnu ka Tila,28.7028407,77.2283457,15
18424646,New Delhi,Majnu ka Tila,28.7010323,77.2281661,15
18261162,New Delhi,Majnu ka Tila,28.7031094,77.2283457,15
18273530,New Delhi,Majnu ka Tila,28.7003464,77.2275645,15
18446424,New Delhi,Majnu ka Tila,28.6998485,77.2274924,15
18272385,New Delhi,Majnu ka Tila,28.7003556,77.227723,15
18424635,New Delhi,Majnu ka Tila,28.7008275,77.2278966,15
18272376,New Delhi,Majnu ka Tila,28.70116,77.2276272,15
18368943,New Delhi,Majnu ka Tila,28.7016678,77.2282559,15
308286,New Delhi,Malviya Nagar,28.5358021,77.216837,13
18261723,New Delhi,Malviya Nagar,28.5328102,77.2077878,13
18463424,New Delhi,Malviya Nagar,28.5349127,77.2185591,13
650,New Delhi,Malviya Nagar,28.5379729,77.2133292,13
1037,New Delhi,Malviya Nagar,28.5396208,77.2132741,13
6377,New Delhi,Malviya Nagar,28.5378192,77.210737,13
311609,New Delhi,Malviya Nagar,28.5340199,77.2097386,13
18175252,New Delhi,Malviya Nagar,28.534252,77.218813,13
309448,New Delhi,Malviya Nagar,28.5338079,77.2090133,13
2863,New Delhi,Malviya Nagar,28.5338345,77.2089013,13
5135,New Delhi,Malviya Nagar,28.5403273,77.2127552,13
300828,New Delhi,Malviya Nagar,28.5314946,77.2076299,13
18238307,New Delhi,Malviya Nagar,28.5403,77.2202141,13
1040,New Delhi,Malviya Nagar,28.5383428,77.2146666,13
18285199,New Delhi,Malviya Nagar,28.5340999,77.2169997,13
303423,New Delhi,Malviya Nagar,28.5309799,77.2189683,13
18354972,New Delhi,Malviya Nagar,28.5357192,77.2167814,13
18332076,New Delhi,Malviya Nagar,28.5337938,77.2169065,13
1406,New Delhi,Malviya Nagar,28.5369107,77.2129078,13
308444,New Delhi,Malviya Nagar,28.5405605,77.2126586,13
309452,New Delhi,Malviya Nagar,28.5341102,77.209366,13
310312,New Delhi,Malviya Nagar,28.5330067,77.2079315,13
305162,New Delhi,Malviya Nagar,28.5394521,77.2132305,13
18471299,New Delhi,Malviya Nagar,28.534403,77.218629,13
4855,New Delhi,Malviya Nagar,28.5386054,77.2137832,13
18272382,New Delhi,Malviya Nagar,28.538882,77.2134971,13
313398,New Delhi,Malviya Nagar,28.5340507,77.2096823,13
307746,New Delhi,Malviya Nagar,28.5388893,77.2135137,13
3043,New Delhi,Malviya Nagar,28.5341425,77.2069233,13
301190,New Delhi,Malviya Nagar,28.534046,77.2095102,13
18233599,New Delhi,Malviya Nagar,28.5335269,77.2063347,13
1036,New Delhi,Malviya Nagar,28.5327826,77.2078004,13
310665,New Delhi,Malviya Nagar,28.534082,77.2096819,13
18322671,New Delhi,Malviya Nagar,28.5354885,77.2155012,13
18353692,New Delhi,Malviya Nagar,28.5369963,77.2122866,13
18365877,New Delhi,Malviya Nagar,28.5369433,77.2119129,13
310848,New Delhi,Malviya Nagar,28.5386851,77.2135506,13
18398602,New Delhi,Malviya Nagar,28.5344871,77.214436,13
18376472,New Delhi,Malviya Nagar,28.5391434,77.2132354,13
18455531,New Delhi,Malviya Nagar,28.53449044,77.21034631,13
18208912,New Delhi,Malviya Nagar,28.5357513,77.2124201,13
2586,New Delhi,Malviya Nagar,28.5382487,77.2143619,13
301722,New Delhi,Malviya Nagar,28.5363476,77.2115336,13
18285729,New Delhi,Malviya Nagar,28.5386342,77.2138677,13
305526,New Delhi,Malviya Nagar,28.538922,77.2136687,13
18357542,New Delhi,Malviya Nagar,28.5322332,77.2001377,13
18291199,New Delhi,Malviya Nagar,28.5306173,77.2191149,13
5726,New Delhi,Malviya Nagar,28.5363348,77.2115555,13
302922,New Delhi,Malviya Nagar,28.5364161,77.2111963,13
7658,New Delhi,Malviya Nagar,28.5341236,77.2093418,13
18286490,New Delhi,Malviya Nagar,28.5312482,77.2087849,13
7654,New Delhi,Malviya Nagar,28.5340565,77.2097112,13
18254534,New Delhi,Malviya Nagar,28.5393306,77.2133213,13
9100,New Delhi,Malviya Nagar,28.5363955,77.2115266,13
6475,New Delhi,Malviya Nagar,28.5366373,77.2123353,13
300302,New Delhi,Malviya Nagar,28.5340283,77.2090442,13
304302,New Delhi,Malviya Nagar,28.5370577,77.2177996,13
306166,New Delhi,Malviya Nagar,28.5342075,77.2072907,13
18345755,New Delhi,Malviya Nagar,28.5388893,77.2136424,13
9751,New Delhi,Malviya Nagar,28.5363564,77.2093777,13
2867,New Delhi,Malviya Nagar,28.5406266,77.2185071,13
8346,New Delhi,Malviya Nagar,28.5320727,77.2000632,13
305871,New Delhi,Malviya Nagar,28.538886,77.2135346,13
18425151,New Delhi,Malviya Nagar,28.5317046,77.2079315,13
998,New Delhi,Malviya Nagar,28.539624,77.2132758,13
452,New Delhi,Malviya Nagar,28.5364058,77.2116173,13
18163892,New Delhi,Malviya Nagar,28.5384888,77.2142624,13
18432219,New Delhi,Malviya Nagar,28.5331227,77.2060663,13
18458339,New Delhi,Malviya Nagar,28.5339573,77.21055888,13
18375421,New Delhi,Malviya Nagar,28.5322327,77.2002839,13
209,New Delhi,Malviya Nagar,28.5363241,77.211528,13
18428394,New Delhi,Malviya Nagar,28.5373992,77.2243276,13
1030,New Delhi,Malviya Nagar,28.536674,77.2121141,13
7661,New Delhi,Malviya Nagar,28.5331218,77.2170275,13
6179,New Delhi,Malviya Nagar,28.5406063,77.2126555,13
18446475,New Delhi,Malviya Nagar,28.5325807,77.2036117,13
311161,New Delhi,Malviya Nagar,28.5364058,77.2111802,13
313206,New Delhi,Malviya Nagar,28.5384902,77.2145409,13
18334452,New Delhi,Malviya Nagar,28.5355604,77.2104778,13
18253111,New Delhi,Malviya Nagar,28.5311532,77.2184409,13
18219545,New Delhi,Malviya Nagar,28.535704,77.21051,13
18348970,New Delhi,Malviya Nagar,28.5364043,77.2112209,13
18334465,New Delhi,Malviya Nagar,28.5340992,77.2072826,13
18272370,New Delhi,Malviya Nagar,28.5367368,77.2118497,13
311846,New Delhi,Mandi House,28.6268536,77.2321792,13
311432,New Delhi,Mandi House,28.6267282,77.2319851,13
304972,New Delhi,Mandi House,28.62540821,77.2337174,13
18356812,New Delhi,Mandi House,28.6304834,77.2305796,13
18294392,New Delhi,Mansingh Road,28.61,77.22,13
308489,New Delhi,Mathura Road,28.52182344,77.29213391,19
313175,New Delhi,Mathura Road,28.52175981,77.29338784,-1
301842,New Delhi,Mayapuri Phase 2,28.6307787,77.119036,16
311378,New Delhi,Mayapuri Phase 2,28.6308872,77.1186217,16
301830,New Delhi,Mayapuri Phase 2,28.6308138,77.120189,16
18323144,New Delhi,Mayapuri Phase 2,28.6216271,77.1193692,16
311377,New Delhi,Mayapuri Phase 2,28.6307842,77.119336,16
301848,New Delhi,Mayapuri Phase 2,28.6258469,77.1144456,16
307998,New Delhi,Mayapuri Phase 2,28.6258815,77.1155946,16
5940,New Delhi,Mayapuri Phase 2,28.6258347,77.1141938,16
301826,New Delhi,Mayapuri Phase 2,28.6257821,77.1160349,16
312923,New Delhi,Mayapuri Phase 2,28.6227746,77.1176174,16
301817,New Delhi,Mayapuri Phase 2,28.6307493,77.120274,16
301820,New Delhi,Mayapuri Phase 2,28.6308168,77.1196062,16
18460315,New Delhi,Mayapuri Phase 2,28.6307568,77.1204704,16
301809,New Delhi,Mayapuri Phase 2,28.6258268,77.1118707,16
18368012,New Delhi,Mayapuri Phase 2,28.6259394,77.1139522,16
18429423,New Delhi,Mayur Vihar Phase 1,28.607116,77.297847,8
6180,New Delhi,Mayur Vihar Phase 1,28.6089584,77.2924811,8
301108,New Delhi,Mayur Vihar Phase 1,28.5891462,77.3081612,8
8105,New Delhi,Mayur Vihar Phase 1,28.5903034,77.3088206,8
313185,New Delhi,Mayur Vihar Phase 1,28.58521417,77.30209798,8
8109,New Delhi,Mayur Vihar Phase 1,28.5892005,77.3062786,8
304267,New Delhi,Mayur Vihar Phase 1,28.6082009,77.2934295,8
313351,New Delhi,Mayur Vihar Phase 1,28.6071522,77.2905861,8
309227,New Delhi,Mayur Vihar Phase 1,28.6078005,77.2938353,8
18285695,New Delhi,Mayur Vihar Phase 1,28.6065957,77.2952484,8
18146358,New Delhi,Mayur Vihar Phase 1,28.61013581,77.30096575,8
312715,New Delhi,Mayur Vihar Phase 1,28.58918625,77.30109818,8
311245,New Delhi,Mayur Vihar Phase 1,28.5979305,77.2952961,8
6173,New Delhi,Mayur Vihar Phase 1,28.6080098,77.2936557,8
301353,New Delhi,Mayur Vihar Phase 1,28.6083198,77.2928133,8
300957,New Delhi,Mayur Vihar Phase 1,28.6030873,77.2932581,8
312703,New Delhi,Mayur Vihar Phase 1,28.5898772,77.3078187,8
6183,New Delhi,Mayur Vihar Phase 1,28.6043403,77.2930355,8
301037,New Delhi,Mayur Vihar Phase 1,28.6095613,77.291701,8
8069,New Delhi,Mayur Vihar Phase 1,28.5946814,77.3122802,8
306107,New Delhi,Mayur Vihar Phase 1,28.5921814,77.2964127,8
308359,New Delhi,Mayur Vihar Phase 1,28.5978455,77.2946516,8
18260604,New Delhi,Mayur Vihar Phase 1,28.6070462,77.2904619,8
6185,New Delhi,Mayur Vihar Phase 1,28.6078263,77.2956989,8
304259,New Delhi,Mayur Vihar Phase 1,28.6045493,77.2894952,8
300959,New Delhi,Mayur Vihar Phase 1,28.60318802,77.29358397,8
18238249,New Delhi,Mayur Vihar Phase 1,28.6090326,77.2925747,8
309346,New Delhi,Mayur Vihar Phase 1,28.6071044,77.2947422,8
307306,New Delhi,Mayur Vihar Phase 1,28.6081948,77.2938753,8
18203881,New Delhi,Mayur Vihar Phase 1,28.6081736,77.2938857,8
18138441,New Delhi,Mayur Vihar Phase 1,28.6044435,77.293569,8
8531,New Delhi,Mayur Vihar Phase 1,28.5977616,77.2949573,8
18267785,New Delhi,Mayur Vihar Phase 1,28.606978,77.290883,8
8110,New Delhi,Mayur Vihar Phase 1,28.5890442,77.3065907,8
18281964,New Delhi,Mayur Vihar Phase 1,28.6074925,77.2952184,8
2932,New Delhi,Mayur Vihar Phase 1,28.6065091,77.2953531,8
6182,New Delhi,Mayur Vihar Phase 1,28.5977308,77.2949166,8
18324529,New Delhi,Mayur Vihar Phase 1,28.6069738,77.29047,8
308237,New Delhi,Mayur Vihar Phase 1,28.6078223,77.2938335,8
311894,New Delhi,Mayur Vihar Phase 1,28.61184943,77.28870839,8
300960,New Delhi,Mayur Vihar Phase 1,28.6035787,77.2933571,8
308222,New Delhi,Mayur Vihar Phase 1,28.60690952,77.29534686,8
18258510,New Delhi,Mayur Vihar Phase 1,28.6065417,77.2956494,8
308526,New Delhi,Mayur Vihar Phase 1,28.60545101,77.29909826,8
301118,New Delhi,Mayur Vihar Phase 1,28.5894261,77.3084321,8
309551,New Delhi,Mayur Vihar Phase 1,28.61092375,77.28917677,8
9736,New Delhi,Mayur Vihar Phase 1,28.5939142,77.29954,8
18022625,New Delhi,Mayur Vihar Phase 1,28.6076829,77.2957443,8
301361,New Delhi,Mayur Vihar Phase 1,28.6040018,77.3347996,8
312991,New Delhi,Mayur Vihar Phase 1,28.6068499,77.2905678,8
18277153,New Delhi,Mayur Vihar Phase 1,28.5975729,77.2952729,8
18273548,New Delhi,Mayur Vihar Phase 1,28.597776,77.2949672,8
18399818,New Delhi,Mayur Vihar Phase 1,28.6087318,77.29340594,8
8062,New Delhi,Mayur Vihar Phase 1,28.594717,77.3122819,8
304254,New Delhi,Mayur Vihar Phase 1,28.5901962,77.3078828,8
18469823,New Delhi,Mayur Vihar Phase 1,28.60724844,77.29497844,8
18420694,New Delhi,Mayur Vihar Phase 1,28.6073217,77.295699,8
18438463,New Delhi,Mayur Vihar Phase 1,28.5899497,77.3086422,8
18317329,New Delhi,Mayur Vihar Phase 1,28.6097862,77.2958351,8
18494989,New Delhi,Mayur Vihar Phase 1,28.6067005,77.29572514,8
18375372,New Delhi,Mayur Vihar Phase 1,28.6073554,77.2956929,8
8108,New Delhi,Mayur Vihar Phase 1,28.589274,77.3063531,8
6237,New Delhi,Mayur Vihar Phase 1,28.60906117,77.30888665,8
311993,New Delhi,Mayur Vihar Phase 1,28.5903191,77.3091618,8
18375388,New Delhi,Mayur Vihar Phase 1,28.6068399,77.2905299,8
18292453,New Delhi,Mayur Vihar Phase 1,28.6051709,77.296163,8
8033,New Delhi,Mayur Vihar Phase 1,28.5905357,77.3093426,8
18281993,New Delhi,Mayur Vihar Phase 1,28.60682357,77.29558725,8
18282003,New Delhi,Mayur Vihar Phase 1,28.5980675,77.294938,8
18421492,New Delhi,Mayur Vihar Phase 1,28.6073214,77.2960093,8
6190,New Delhi,Mayur Vihar Phase 1,28.6070669,77.290606,8
2017,New Delhi,Mayur Vihar Phase 1,28.6082787,77.2928015,8
308812,New Delhi,Mayur Vihar Phase 1,28.6088911,77.2935856,8
308848,New Delhi,Mayur Vihar Phase 2,28.6185258,77.2971024,8
301056,New Delhi,Mayur Vihar Phase 2,28.6198235,77.3007976,8
301692,New Delhi,Mayur Vihar Phase 2,28.6170417,77.2960034,8
18265707,New Delhi,Mayur Vihar Phase 2,28.6193114,77.30071865,8
18368006,New Delhi,Mayur Vihar Phase 2,28.61981733,77.30117932,8
18225277,New Delhi,Mayur Vihar Phase 2,28.61965104,77.30196454,8
2936,New Delhi,Mayur Vihar Phase 2,28.6196099,77.3010973,8
18291201,New Delhi,Mayur Vihar Phase 2,28.61961396,77.29992136,8
3854,New Delhi,Mayur Vihar Phase 2,28.6196741,77.301318,8
308831,New Delhi,Mayur Vihar Phase 2,28.6189331,77.3050334,8
301062,New Delhi,Mayur Vihar Phase 2,28.619632,77.3003716,8
5186,New Delhi,Mayur Vihar Phase 2,28.6199149,77.3009259,8
3851,New Delhi,Mayur Vihar Phase 2,28.6198516,77.3013079,8
305357,New Delhi,Mayur Vihar Phase 2,28.6186666,77.2970156,8
2019,New Delhi,Mayur Vihar Phase 2,28.6196422,77.3008117,8
305370,New Delhi,Mayur Vihar Phase 2,28.6194659,77.3008167,8
301053,New Delhi,Mayur Vihar Phase 2,28.619648,77.3003715,8
308844,New Delhi,Mayur Vihar Phase 2,28.6199122,77.3002431,8
308839,New Delhi,Mayur Vihar Phase 2,28.6193502,77.3006489,8
18440191,New Delhi,Mayur Vihar Phase 2,28.6195294,77.3014164,8
18203185,New Delhi,Mayur Vihar Phase 2,28.61956952,77.30168425,8
301047,New Delhi,Mayur Vihar Phase 2,28.6194887,77.3020302,8
312492,New Delhi,Mayur Vihar Phase 2,28.6192793,77.3011218,8
4672,New Delhi,Mayur Vihar Phase 2,28.6196855,77.3012169,8
311336,New Delhi,Mayur Vihar Phase 2,28.6192865,77.3011572,8
18379056,New Delhi,Mayur Vihar Phase 2,28.623975,77.309698,8
18440185,New Delhi,Mayur Vihar Phase 2,28.6191348,77.2979348,8
18440429,New Delhi,Mayur Vihar Phase 2,28.6232139,77.3094479,8
2942,New Delhi,Mayur Vihar Phase 2,28.6197374,77.3011572,8
301103,New Delhi,Mayur Vihar Phase 3,28.6038472,77.3296222,8
18292451,New Delhi,Mayur Vihar Phase 3,28.6042683,77.33470056,8
9740,New Delhi,Mayur Vihar Phase 3,28.6071702,77.3328617,8
301106,New Delhi,Mayur Vihar Phase 3,28.6032214,77.3302432,8
6225,New Delhi,Mayur Vihar Phase 3,28.6128083,77.3363682,8
301120,New Delhi,Mayur Vihar Phase 3,28.6137147,77.3375211,8
307850,New Delhi,Mayur Vihar Phase 3,28.613483,77.3369722,8
18292449,New Delhi,Mayur Vihar Phase 3,28.61123545,77.33534496,8
301116,New Delhi,Mayur Vihar Phase 3,28.6054308,77.3335984,8
8462,New Delhi,Mayur Vihar Phase 3,28.6117841,77.3360236,8
309599,New Delhi,Mayur Vihar Phase 3,28.6103555,77.3351273,8
309499,New Delhi,Mayur Vihar Phase 3,28.6014232,77.3292098,8
300958,New Delhi,Mayur Vihar Phase 3,28.6132677,77.3364154,8
301105,New Delhi,Mayur Vihar Phase 3,28.6101623,77.3365387,8
311228,New Delhi,Mayur Vihar Phase 3,28.6078313,77.3390604,8
6226,New Delhi,Mayur Vihar Phase 3,28.6126674,77.336318,8
311229,New Delhi,Mayur Vihar Phase 3,28.6077552,77.3391034,8
306555,New Delhi,Mayur Vihar Phase 3,28.6076461,77.3390881,8
301110,New Delhi,Mayur Vihar Phase 3,28.6029222,77.3292915,8
304986,New Delhi,Mayur Vihar Phase 3,28.6040454,77.3347657,8
311256,New Delhi,Mayur Vihar Phase 3,28.6130176,77.336751,8
307847,New Delhi,Mayur Vihar Phase 3,28.6134753,77.3369792,8
18376492,New Delhi,Mayur Vihar Phase 3,28.61051668,77.33557563,8
6216,New Delhi,Mayur Vihar Phase 3,28.6082998,77.3340142,8
313360,New Delhi,Mayur Vihar Phase 3,28.6134959,77.3369754,8
18490756,New Delhi,Mayur Vihar Phase 3,28.60584544,77.3363461,8
18375376,New Delhi,Mayur Vihar Phase 3,28.60777224,77.33908128,8
18089212,New Delhi,Mayur Vihar Phase 3,28.6133824,77.337972,8
18375395,New Delhi,Mayur Vihar Phase 3,28.61364897,77.3371065,8
18237719,New Delhi,Mayur Vihar Phase 3,28.61080481,77.3351677,8
18082236,New Delhi,Mayur Vihar Phase 3,28.6038407,77.329599,8
18375383,New Delhi,Mayur Vihar Phase 3,28.60797505,77.33913861,8
309979,New Delhi,Mehrauli,28.5228127,77.1814052,13
18025093,New Delhi,Mehrauli,28.5228887,77.1814337,13
307990,New Delhi,Mehrauli,28.5227376,77.1818906,13
309517,New Delhi,Mehrauli,28.5237475,77.1938889,13
18489842,New Delhi,Mehrauli,28.5222051,77.1818649,13
18350159,New Delhi,Mehrauli,28.5244983,77.1912358,13
18375201,New Delhi,Mehrauli,28.5266192,77.1901673,13
18025127,New Delhi,Mehrauli,28.5222187,77.1818522,13
18478990,New Delhi,Mehrauli,28.5222296,77.1818486,13
18433297,New Delhi,Mehrauli,28.5265467,77.190347,13
18472695,New Delhi,Mehrauli,28.5279728,77.1919008,13
18415339,New Delhi,Mehrauli,28.515336,77.1790259,13
311683,New Delhi,Mehrauli,28.5230624,77.1956559,13
313073,New Delhi,Mehrauli,28.5266257,77.1873875,13
18415338,New Delhi,Mehrauli,28.5278328,77.192373,13
18168122,New Delhi,Mehrauli,28.527825,77.1937384,13
18478992,New Delhi,Mehrauli,28.5213242,77.1799022,13
18168124,New Delhi,Mehrauli,28.525991,77.192244,13
18414506,New Delhi,Mehrauli,28.5278198,77.1937245,13
18409207,New Delhi,Mehrauli,28.5239134,77.1898485,13
6341,New Delhi,"Metro Walk Mall, Rohini",28.7240647,77.1135938,15
1951,New Delhi,"Metro Walk Mall, Rohini",28.7240733,77.1136837,15
250,New Delhi,"Metro Walk Mall, Rohini",28.7241629,77.1136837,15
312753,New Delhi,MG Road,28.494557,77.1444781,20
312983,New Delhi,MG Road,28.4785954,77.1280511,-1
18492029,New Delhi,MG Road,28.4932341,77.1482134,20
18489541,New Delhi,MG Road,28.493198,77.1459577,20
18486862,New Delhi,MG Road,28.5009424,77.1663774,18
18492025,New Delhi,MG Road,28.4940407,77.1651082,18
18352672,New Delhi,MG Road,28.4798478,77.1257624,-1
18489825,New Delhi,MG Road,28.4941305,77.1449374,20
18340302,New Delhi,MG Road,28.4945103,77.1501341,20
18489819,New Delhi,MG Road,28.4940831,77.1451213,20
18175297,New Delhi,MG Road,28.4930732,77.1462741,20
18034037,New Delhi,MG Road,28.4932439,77.164633,18
18175282,New Delhi,MG Road,28.4786827,77.1208414,-1
18489532,New Delhi,MG Road,28.4801014,77.124642,-1
18277178,New Delhi,MG Road,28.49366438,77.14572687,20
18408079,New Delhi,MG Road,28.4975958,77.1603368,18
18232989,New Delhi,MG Road,28.4997301,77.1618543,18
18492033,New Delhi,MG Road,28.4925721,77.1465358,20
18489832,New Delhi,MG Road,28.4945886,77.1444856,20
18467388,New Delhi,MG Road,28.4968258,77.1604883,18
18175299,New Delhi,MG Road,28.49609444,77.14563056,20
18337908,New Delhi,MG Road,28.4996281,77.1442598,20
18463608,New Delhi,MG Road,28.500868,77.1663257,18
18489836,New Delhi,MG Road,28.5020291,77.1682117,18
18277163,New Delhi,MG Road,28.4945867,77.1443624,20
18489545,New Delhi,MG Road,28.5456553,77.126809,14
18277176,New Delhi,MG Road,28.494763,77.1457322,20
18175278,New Delhi,MG Road,28.4945672,77.1443655,20
18489808,New Delhi,MG Road,28.494662,77.145774,20
18446867,New Delhi,MG Road,28.4960891,77.162106,18
18486879,New Delhi,MG Road,28.4975835,77.1603672,18
18489852,New Delhi,MG Road,28.4949478,77.1606287,18
18489804,New Delhi,MG Road,28.4946506,77.1457079,20
18489802,New Delhi,MG Road,28.4936685,77.1457358,20
3207,New Delhi,"MGF Metropolitan Mall, Saket",28.52954866,77.22022153,13
4752,New Delhi,"MGF Metropolitan Mall, Saket",28.53013602,77.21950337,13
4830,New Delhi,"MGF Metropolitan Mall, Saket",28.5293802,77.2200822,13
4341,New Delhi,"MGF Metropolitan Mall, Saket",28.52937369,77.22012531,13
307237,New Delhi,"MGF Metropolitan Mall, Saket",28.52987562,77.21996941,13
18260028,New Delhi,"MGM Club, Daryaganj",28.6465486,77.242985,13
18317481,New Delhi,"MGM Club, Daryaganj",28.6463865,77.2431646,13
18317473,New Delhi,"MGM Club, Daryaganj",28.6464675,77.2430748,13
18317479,New Delhi,"MGM Club, Daryaganj",28.6464675,77.2430748,13
18317476,New Delhi,"MGM Club, Daryaganj",28.6463374,77.2431197,13
18317483,New Delhi,"MGM Club, Daryaganj",28.6463865,77.2431646,13
312576,New Delhi,Model Town 1,28.7053075,77.1957717,15
5347,New Delhi,Model Town 2,28.7046135,77.1901231,15
300945,New Delhi,Model Town 2,28.7060386,77.1906165,15
300934,New Delhi,Model Town 2,28.7059577,77.1907064,15
3223,New Delhi,Model Town 2,28.7058889,77.1899876,15
307554,New Delhi,Model Town 2,28.7057614,77.1905267,15
967,New Delhi,Model Town 2,28.7051811,77.1900774,15
6196,New Delhi,Model Town 2,28.7084444,77.1914251,15
18381220,New Delhi,Model Town 2,28.7082825,77.1916048,15
2491,New Delhi,Model Town 2,28.7065192,77.190546,15
1041,New Delhi,Model Town 2,28.7068586,77.1907078,15
982,New Delhi,Model Town 2,28.7086256,77.1914273,15
18352186,New Delhi,Model Town 2,28.7060128,77.190347,15
9380,New Delhi,Model Town 2,28.7058031,77.1904379,15
1303,New Delhi,Model Town 2,28.7064175,77.1898978,15
18168462,New Delhi,Model Town 2,28.7066366,77.1905958,15
311734,New Delhi,Model Town 2,28.7061024,77.190347,15
2291,New Delhi,Model Town 2,28.7074189,77.19147,15
9427,New Delhi,Model Town 2,28.7059747,77.1902762,15
5874,New Delhi,Model Town 2,28.7050829,77.1899876,15
3375,New Delhi,Model Town 2,28.7057958,77.1908861,15
312353,New Delhi,Model Town 2,28.7057958,77.1908861,15
180,New Delhi,Model Town 2,28.7059465,77.1901224,15
18057822,New Delhi,Model Town 2,28.7072177,77.1908398,15
6607,New Delhi,Model Town 2,28.7059982,77.1906614,15
18247031,New Delhi,Model Town 2,28.705002,77.1900774,15
18264447,New Delhi,Model Town 3,28.7070075,77.1843721,15
300911,New Delhi,Model Town 3,28.7094795,77.1854054,15
4090,New Delhi,Model Town 3,28.7084342,77.1847764,15
5729,New Delhi,Model Town 3,28.7092918,77.1853155,15
309704,New Delhi,Model Town 3,28.7077411,77.1845518,15
964,New Delhi,Model Town 3,28.7092918,77.1853155,15
307333,New Delhi,Model Town 3,28.7070075,77.1843721,15
5765,New Delhi,Model Town 3,28.7084514,77.1849561,15
18037821,New Delhi,Model Town 3,28.7093409,77.1853604,15
18400738,New Delhi,Model Town 3,28.70696168,77.18417834,15
307730,New Delhi,"Moments Mall, Kirti Nagar",28.656862,77.1467199,16
305251,New Delhi,"Moments Mall, Kirti Nagar",28.657132,77.1467244,16
312087,New Delhi,"Moments Mall, Kirti Nagar",28.6569524,77.1466016,16
18070503,New Delhi,"Moments Mall, Kirti Nagar",28.6568605,77.1467395,16
18454460,New Delhi,"Moments Mall, Kirti Nagar",28.6571714,77.1471307,16
18419902,New Delhi,"Moments Mall, Kirti Nagar",28.6567691,77.1466243,16
307356,New Delhi,"Moments Mall, Kirti Nagar",28.6568454,77.1467447,16
8580,New Delhi,"Moments Mall, Kirti Nagar",28.656802,77.146731,16
18324914,New Delhi,"Moments Mall, Kirti Nagar",28.6568816,77.1467418,16
300473,New Delhi,"Moments Mall, Kirti Nagar",28.6567624,77.1468835,16
306250,New Delhi,"Moments Mall, Kirti Nagar",28.6568545,77.1467374,16
18356784,New Delhi,"Moments Mall, Kirti Nagar",28.6568576,77.1467208,16
8373,New Delhi,"Moments Mall, Kirti Nagar",28.6571438,77.1467938,16
308101,New Delhi,"Moments Mall, Kirti Nagar",28.6568519,77.1468714,16
8840,New Delhi,"Moments Mall, Kirti Nagar",28.6570013,77.146751,16
18228870,New Delhi,"Moments Mall, Kirti Nagar",28.6571824,77.1469278,16
7066,New Delhi,"Moments Mall, Kirti Nagar",28.6568579,77.1467263,16
305479,New Delhi,"Moments Mall, Kirti Nagar",28.6568576,77.146741,16
8845,New Delhi,"Moments Mall, Kirti Nagar",28.6568212,77.146642,16
7509,New Delhi,"Moments Mall, Kirti Nagar",28.6570681,77.1466576,16
302715,New Delhi,"Moments Mall, Kirti Nagar",28.656931,77.1469965,16
18241509,New Delhi,"Moments Mall, Kirti Nagar",28.6569808,77.146758,16
18277003,New Delhi,"Moments Mall, Kirti Nagar",28.6571509,77.1468497,16
7547,New Delhi,Moti Bagh,28.5796973,77.1701749,13
301236,New Delhi,Moti Bagh,28.5799686,77.1706691,13
18082630,New Delhi,Moti Bagh,28.57900639,77.18306556,13
7548,New Delhi,Moti Bagh,28.5799748,77.1702647,13
310419,New Delhi,Moti Bagh,28.5795586,77.1701299,13
4634,New Delhi,Moti Nagar,28.6575224,77.1420513,16
18228874,New Delhi,Moti Nagar,28.6595295,77.1408316,16
312145,New Delhi,Moti Nagar,28.6581968,77.142103,16
304585,New Delhi,Moti Nagar,28.6590321,77.1397456,16
312916,New Delhi,Moti Nagar,28.6567779,77.1399797,16
313006,New Delhi,Moti Nagar,28.6578471,77.1401443,16
305861,New Delhi,Moti Nagar,28.6576259,77.14251,16
9026,New Delhi,Moti Nagar,28.6567194,77.1395053,16
309178,New Delhi,Moti Nagar,28.658983,77.1414135,16
18249097,New Delhi,Moti Nagar,28.6594663,77.139708,16
308880,New Delhi,Moti Nagar,28.6617937,77.1414048,16
18241861,New Delhi,Moti Nagar,28.6588206,77.1433724,16
303589,New Delhi,Moti Nagar,28.6577012,77.1399344,16
311459,New Delhi,Moti Nagar,28.6590028,77.1398511,16
9053,New Delhi,Moti Nagar,28.6566565,77.1399823,16
312893,New Delhi,Moti Nagar,28.6570966,77.1411461,16
18273640,New Delhi,Moti Nagar,28.6594485,77.1409215,16
308130,New Delhi,Moti Nagar,28.6576448,77.1424685,16
5663,New Delhi,Moti Nagar,28.6562368,77.1396116,16
18247005,New Delhi,Moti Nagar,28.6587838,77.1414608,16
18449827,New Delhi,Moti Nagar,28.6576159,77.1389292,16
18342574,New Delhi,Moti Nagar,28.6575323,77.1421854,16
304573,New Delhi,Moti Nagar,28.6588187,77.1428234,16
304586,New Delhi,Moti Nagar,28.6574122,77.1392457,16
18449629,New Delhi,Moti Nagar,28.6576022,77.1422037,16
18451179,New Delhi,Moti Nagar,28.6581714,77.1411461,16
18451158,New Delhi,Moti Nagar,28.6594736,77.1389966,16
18451166,New Delhi,Moti Nagar,28.6582366,77.1419683,16
18238245,New Delhi,Moti Nagar,28.6574573,77.1391896,16
308110,New Delhi,Moti Nagar,28.6621083,77.1461711,16
312213,New Delhi,Moti Nagar,28.6570186,77.1414553,16
304469,New Delhi,Moti Nagar,28.6570788,77.1400711,16
18451144,New Delhi,Moti Nagar,28.6585987,77.1424589,16
4084,New Delhi,Mukherjee Nagar,28.7112918,77.2152884,15
310947,New Delhi,Mukherjee Nagar,28.7006026,77.2086741,15
310989,New Delhi,Mukherjee Nagar,28.7094307,77.2190493,15
18358295,New Delhi,Mukherjee Nagar,28.7064006,77.2121775,15
18317756,New Delhi,Mukherjee Nagar,28.70477557,77.2137611,15
310936,New Delhi,Mukherjee Nagar,28.699566,77.2081351,15
308796,New Delhi,Mukherjee Nagar,28.7117849,77.2160401,15
18241893,New Delhi,Mukherjee Nagar,28.7105973,77.2151578,15
18363053,New Delhi,Mukherjee Nagar,28.7102543,77.2118241,15
310997,New Delhi,Mukherjee Nagar,28.6995605,77.2083401,15
6629,New Delhi,Mukherjee Nagar,28.7129957,77.215591,15
302685,New Delhi,Mukherjee Nagar,28.7110956,77.2146979,15
18241860,New Delhi,Mukherjee Nagar,28.7123548,77.2156863,15
2920,New Delhi,Mukherjee Nagar,28.7111617,77.2151419,15
18238281,New Delhi,Mukherjee Nagar,28.7064044,77.2123452,15
18204485,New Delhi,Mukherjee Nagar,28.7115878,77.2163058,15
18126086,New Delhi,Mukherjee Nagar,28.7103677,77.2077758,15
9031,New Delhi,Mukherjee Nagar,28.7108844,77.2144524,15
18254532,New Delhi,Mukherjee Nagar,28.7125884,77.2155461,15
18380219,New Delhi,Mukherjee Nagar,28.7135608,77.2162337,15
18258473,New Delhi,Mukherjee Nagar,28.7091523,77.2137944,15
303602,New Delhi,Mukherjee Nagar,28.7054069,77.2120877,15
18396163,New Delhi,Mukherjee Nagar,28.7120622,77.21613,15
18485962,New Delhi,Mukherjee Nagar,28.70302109,77.21114504,15
18421485,New Delhi,Mukherjee Nagar,28.699566,77.2081351,15
18363044,New Delhi,Mukherjee Nagar,28.7092739,77.2184653,15
18424171,New Delhi,Mukherjee Nagar,28.7122793,77.215591,15
18363051,New Delhi,Mukherjee Nagar,28.7103505,77.2090651,15
18449788,New Delhi,Mukherjee Nagar,28.7102021,77.2054728,15
18466410,New Delhi,Mukherjee Nagar,28.7130677,77.2087734,15
18107851,New Delhi,Mukherjee Nagar,28.7102675,77.2150185,15
18466408,New Delhi,Mukherjee Nagar,28.7142165,77.2090968,15
18466400,New Delhi,Mukherjee Nagar,28.7146792,77.2091154,15
18361765,New Delhi,Mukherjee Nagar,28.7115817,77.2214682,15
18424169,New Delhi,Mukherjee Nagar,28.7118254,77.2159952,15
18449653,New Delhi,Mukherjee Nagar,28.7140298,77.2163995,15
18449786,New Delhi,Mukherjee Nagar,28.7091683,77.2187711,15
18449647,New Delhi,Mukherjee Nagar,28.7119855,77.2148134,15
18361779,New Delhi,Mukherjee Nagar,28.7092358,77.2187133,15
18363048,New Delhi,Mukherjee Nagar,28.7110206,77.2146029,15
310954,New Delhi,Mukherjee Nagar,28.7089822,77.2187785,15
312413,New Delhi,Mukherjee Nagar,28.7094798,77.2190942,15
18361767,New Delhi,Mukherjee Nagar,28.7099879,77.2187376,15
18421473,New Delhi,Mukherjee Nagar,28.7066288,77.2122224,15
310995,New Delhi,Mukherjee Nagar,28.7111101,77.2211601,15
18421475,New Delhi,Mukherjee Nagar,28.7062833,77.2122334,15
18418268,New Delhi,Mukherjee Nagar,28.7106791,77.2156892,15
18421459,New Delhi,Mukherjee Nagar,28.7105709,77.2157015,15
18361771,New Delhi,Mukherjee Nagar,28.7089927,77.2188042,15
18241864,New Delhi,Mukherjee Nagar,28.7094348,77.2185861,15
18449657,New Delhi,Mukherjee Nagar,28.7117332,77.2160901,15
18396177,New Delhi,Mukherjee Nagar,28.7140827,77.2090421,15
18449639,New Delhi,Mukherjee Nagar,28.7103288,77.2156916,15
18357954,New Delhi,Mukherjee Nagar,28.7126375,77.215591,15
310965,New Delhi,Mukherjee Nagar,28.7122793,77.215591,15
18418278,New Delhi,Mukherjee Nagar,28.7122793,77.215591,15
18449664,New Delhi,Mukherjee Nagar,28.7093643,77.2187996,15
311009,New Delhi,Mukherjee Nagar,28.7104357,77.2155653,15
310988,New Delhi,Mukherjee Nagar,28.709454,77.2188247,15
18421461,New Delhi,Mukherjee Nagar,28.7102514,77.208094,15
310952,New Delhi,Mukherjee Nagar,28.7091854,77.2188247,15
18449667,New Delhi,Mukherjee Nagar,28.7093068,77.2188953,15
18449661,New Delhi,Mukherjee Nagar,28.7095569,77.2192812,15
18449643,New Delhi,Mukherjee Nagar,28.7120416,77.2146844,15
300791,New Delhi,Mukherjee Nagar,28.7111556,77.2155461,15
300264,New Delhi,Munirka,28.5581521,77.1715403,13
18425751,New Delhi,Munirka,28.5589002,77.1713073,13
7388,New Delhi,Munirka,28.5568282,77.1742101,13
311485,New Delhi,Munirka,28.5554352,77.1750799,13
2870,New Delhi,Munirka,28.5550108,77.1759375,13
18397908,New Delhi,Munirka,28.5581944,77.171471,13
312765,New Delhi,Munirka,28.5569323,77.1710298,13
5879,New Delhi,Munirka,28.5557779,77.1744294,13
304621,New Delhi,Munirka,28.551484,77.173877,13
18472788,New Delhi,Munirka,28.5550022,77.1759362,13
309510,New Delhi,Munirka,28.556519,77.1720143,13
300259,New Delhi,Munirka,28.5568582,77.1716444,13
310430,New Delhi,Munirka,28.554897,77.1760003,13
300273,New Delhi,Munirka,28.5563417,77.1719392,13
7393,New Delhi,Munirka,28.5568492,77.1741505,13
311451,New Delhi,Munirka,28.5586338,77.1707693,13
7240,New Delhi,Munirka,28.556875,77.1717215,13
300268,New Delhi,Munirka,28.5563192,77.1718939,13
310328,New Delhi,Munirka,28.553128,77.1686131,13
309471,New Delhi,Munirka,28.5556707,77.175016,13
18383522,New Delhi,Munirka,28.5532273,77.1682791,13
18424615,New Delhi,Munirka,28.5555979,77.1751965,13
18425758,New Delhi,Munirka,28.5588962,77.1708462,13
18425178,New Delhi,Munirka,28.5587394,77.1707986,13
18354994,New Delhi,Munirka,28.5568298,77.1729675,13
18146362,New Delhi,Munirka,28.5582757,77.1714827,13
18425175,New Delhi,Munirka,28.5569236,77.1709048,13
18225831,New Delhi,Munirka,28.5551434,77.1745474,13
18354988,New Delhi,Munirka,28.5563007,77.1721867,13
18425772,New Delhi,Munirka,28.5564964,77.1719215,13
18354998,New Delhi,Munirka,28.5580838,77.1706433,13
18354992,New Delhi,Munirka,28.5567681,77.1730086,13
309509,New Delhi,Munirka,28.5586286,77.1708774,13
18423905,New Delhi,Munirka,28.5566765,77.1716186,13
18357566,New Delhi,Munirka,28.5577256,77.1727207,13
18425768,New Delhi,Munirka,28.5568164,77.1718111,13
18472683,New Delhi,Munirka,28.5560668,77.1742272,13
18425739,New Delhi,Munirka,28.5589502,77.1713649,13
18468524,New Delhi,Munirka,28.5266192,77.1901673,13
18354996,New Delhi,Munirka,28.5588623,77.170693,13
18229077,New Delhi,Munirka,28.5566063,77.1718481,13
300275,New Delhi,Munirka,28.5581547,77.1732311,13
9251,New Delhi,Najafgarh,28.6134511,76.9857462,21
18471235,New Delhi,Najafgarh,28.6180639,77.012198,-1
306695,New Delhi,Najafgarh,28.5589382,77.0036364,-1
9281,New Delhi,Najafgarh,28.6096384,76.9854417,21
18432222,New Delhi,Najafgarh,28.5607897,77.0024495,-1
18471254,New Delhi,Najafgarh,28.6283564,76.9967933,-1
18371414,New Delhi,Najafgarh,28.5910043,76.9969561,-1
306678,New Delhi,Najafgarh,28.6053412,76.9869396,21
18371416,New Delhi,Najafgarh,28.6125711,76.9906888,21
18361199,New Delhi,Najafgarh,28.6157878,76.9759687,21
312620,New Delhi,Najafgarh,28.6076142,76.9847266,21
18432206,New Delhi,Najafgarh,28.610581,76.9817555,21
311394,New Delhi,Najafgarh,28.6103695,76.9718366,21
18471270,New Delhi,Najafgarh,28.6361375,76.9622705,-1
313349,New Delhi,Najafgarh,28.6107987,76.9807734,21
18359302,New Delhi,Najafgarh,28.6315566,77.0003579,-1
18352287,New Delhi,Najafgarh,28.601061,76.9886171,21
9262,New Delhi,Najafgarh,28.6130492,76.9856908,21
18469981,New Delhi,Najafgarh,28.6170305,77.0094083,-1
18349922,New Delhi,Najafgarh,28.590591,77.0028244,-1
18432214,New Delhi,Najafgarh,28.5906017,76.9935221,-1
310357,New Delhi,Najafgarh,28.6119984,76.9911162,21
18429155,New Delhi,Najafgarh,28.6072328,76.9858424,21
18471319,New Delhi,Najafgarh,28.6095844,76.9853771,21
18471263,New Delhi,Najafgarh,28.5605204,77.0025685,-1
18432200,New Delhi,Najafgarh,28.6210795,76.9872421,21
18430911,New Delhi,Najafgarh,28.6135195,76.9858415,21
18354672,New Delhi,Najafgarh,28.5996154,76.9890278,21
18352275,New Delhi,Najafgarh,28.6159872,76.9736469,21
303500,New Delhi,Najafgarh,28.6110748,76.9752946,21
18431998,New Delhi,Najafgarh,28.6130409,76.9856999,21
18430900,New Delhi,Najafgarh,28.5910291,77.0006609,-1
18313125,New Delhi,Najafgarh,28.6360808,76.9621244,-1
18430579,New Delhi,Najafgarh,28.5653143,77.0005841,-1
8957,New Delhi,Najafgarh,28.6121768,76.9910272,21
9635,New Delhi,Najafgarh,28.6091697,76.9852777,21
18352288,New Delhi,Najafgarh,28.6091697,76.9852777,21
18349914,New Delhi,Najafgarh,28.6112347,76.9753189,21
18430569,New Delhi,Najafgarh,28.6179639,77.0117519,-1
18361211,New Delhi,Najafgarh,28.6090439,76.9654941,21
18471287,New Delhi,Najafgarh,28.6359913,76.9622191,-1
304393,New Delhi,Najafgarh,28.6098677,76.9923844,21
18361217,New Delhi,Najafgarh,28.609072,76.9638597,21
5483,New Delhi,Najafgarh,28.6127374,76.9910765,21
9271,New Delhi,Najafgarh,28.6100946,76.9856215,21
304610,New Delhi,Najafgarh,28.6164413,77.0076551,-1
303537,New Delhi,Najafgarh,28.6112432,76.9753796,21
18430576,New Delhi,Najafgarh,28.5905484,76.993457,-1
304405,New Delhi,Najafgarh,28.6169779,76.9838181,21
18471313,New Delhi,Najafgarh,28.6088552,76.9856129,21
306710,New Delhi,Najafgarh,28.6123474,76.9909045,21
18430570,New Delhi,Najafgarh,28.6024678,76.9879296,21
303497,New Delhi,Najafgarh,28.6112536,76.9748922,21
18270343,New Delhi,Najafgarh,28.6032958,76.9877493,21
18361200,New Delhi,Najafgarh,28.6101996,76.9711827,21
18261678,New Delhi,Najafgarh,28.6150289,76.9840836,21
18317507,New Delhi,Najafgarh,28.6124522,76.9909279,21
9269,New Delhi,Najafgarh,28.5906226,76.9932051,-1
18363067,New Delhi,Najafgarh,28.613206,76.9797118,21
18371421,New Delhi,Najafgarh,28.5914718,77.0007571,-1
304809,New Delhi,Nangloi,28.69273348,77.08195768,-1
304769,New Delhi,Nangloi,28.6827398,77.0690735,22
304803,New Delhi,Nangloi,28.6934044,77.0820784,-1
18261151,New Delhi,Nangloi,28.6521647,77.0700586,16
18464636,New Delhi,Nangloi,28.67897397,77.06540443,22
18017260,New Delhi,Nangloi,28.6818432,77.0681466,22
304753,New Delhi,Nangloi,28.68232512,77.05472823,-1
18464641,New Delhi,Nangloi,28.67583363,77.06247076,22
304822,New Delhi,Nangloi,28.68263808,77.02933475,-1
18312665,New Delhi,Nangloi,28.6823752,77.0688571,22
9181,New Delhi,Nangloi,28.67784092,77.06424572,22
18435332,New Delhi,Nangloi,28.6927975,77.0820767,-1
18261710,New Delhi,Nangloi,28.68202569,77.03108288,-1
18312662,New Delhi,Nangloi,28.68247071,77.0287839,-1
18322599,New Delhi,Nangloi,28.6821182,77.0408396,-1
9226,New Delhi,Nangloi,28.6803916,77.066475,22
305699,New Delhi,Nangloi,28.6819199,77.0695034,22
9194,New Delhi,Nangloi,28.6801056,77.0662951,22
304888,New Delhi,Nangloi,28.6833297,77.0690832,22
306177,New Delhi,Nangloi,28.69123205,77.0719688,22
18261708,New Delhi,Nangloi,28.6467438,77.0228319,-1
9173,New Delhi,Nangloi,28.6761455,77.0625067,22
304831,New Delhi,Nangloi,28.68654323,77.07009997,22
9176,New Delhi,Nangloi,28.6743958,77.06082389,22
18233572,New Delhi,Nangloi,28.6646411,77.0528602,-1
18464649,New Delhi,Nangloi,28.64669598,77.02514146,-1
18375389,New Delhi,Nangloi,28.68209451,77.04071805,-1
18466387,New Delhi,Nangloi,28.66742137,77.06034612,22
304782,New Delhi,Nangloi,28.6536022,77.0721833,-1
18261719,New Delhi,Nangloi,28.6529874,77.0713543,16
18466389,New Delhi,Nangloi,28.69252378,77.08171561,-1
18378051,New Delhi,Nangloi,28.6812756,77.0672844,22
7484,New Delhi,Nangloi,28.66539,77.053748,-1
18464634,New Delhi,Nangloi,28.68172684,77.06931744,22
18464647,New Delhi,Nangloi,28.64712056,77.02335276,-1
18371391,New Delhi,Nangloi,28.6779685,77.0642756,22
18017240,New Delhi,Nangloi,28.678402,77.064828,22
18464640,New Delhi,Nangloi,28.67799829,77.06413608,22
18261161,New Delhi,Nangloi,28.6763063,77.0626796,22
18464638,New Delhi,Nangloi,28.67898074,77.0654346,22
302694,New Delhi,Naraina,28.6321812,77.1384794,23
18358184,New Delhi,Naraina,28.6282528,77.136724,23
8715,New Delhi,Naraina,28.6324507,77.1384323,23
641,New Delhi,Naraina,28.6287097,77.1367966,23
308033,New Delhi,Naraina,28.6276292,77.1462701,23
307099,New Delhi,Naraina,28.628999,77.137174,23
18312575,New Delhi,Naraina,28.6256939,77.1341651,23
18312652,New Delhi,Naraina,28.6233571,77.1354441,23
310666,New Delhi,Naraina,28.6309493,77.1384175,23
7434,New Delhi,Naraina,28.6199849,77.1380897,23
305859,New Delhi,Naraina,28.6298959,77.137511,23
308037,New Delhi,Naraina,28.631853,77.1385567,23
18435837,New Delhi,Naraina,28.6238474,77.1556191,-1
18441658,New Delhi,Naraina,28.6242844,77.1559168,-1
558,New Delhi,Naraina,28.6327034,77.1381832,23
300485,New Delhi,Naraina,28.6314816,77.1468968,23
7416,New Delhi,Naraina,28.6323154,77.148368,23
301927,New Delhi,Naraina,28.6203669,77.1365287,23
18288199,New Delhi,Naraina,28.6268623,77.1354417,23
301931,New Delhi,Naraina,28.6285958,77.1451395,23
311385,New Delhi,Naraina,28.6291147,77.1371626,23
7419,New Delhi,Naraina,28.6276237,77.1462754,23
18241874,New Delhi,Naraina,28.6238747,77.1556452,-1
303250,New Delhi,Naraina,28.6299888,77.1375944,23
313163,New Delhi,Naraina,28.6286201,77.14178972,23
18398504,New Delhi,Naraina,28.6322418,77.14808,23
301932,New Delhi,Naraina,28.6223499,77.1357642,23
18312572,New Delhi,Naraina,28.6205175,77.1364744,23
18371399,New Delhi,Naraina,28.6223489,77.1358184,23
18431177,New Delhi,Naraina,28.6286826,77.136788,23
18371405,New Delhi,Naraina,28.6319525,77.137828,23
312926,New Delhi,Naraina,28.6244092,77.1558888,-1
18431181,New Delhi,Naraina,28.6312058,77.146829,23
18431187,New Delhi,Naraina,28.6220182,77.1362918,23
18393288,New Delhi,Naraina,28.6281257,77.1368633,23
8718,New Delhi,Naraina,28.6317769,77.1383317,23
18462571,New Delhi,Naraina,28.6223096,77.1357857,23
18460302,New Delhi,Naraina,28.6271441,77.1470434,23
18431183,New Delhi,Naraina,28.6311566,77.1469131,23
301925,New Delhi,Naraina,28.6204842,77.136184,23
301885,New Delhi,Naraina,28.6253211,77.134618,23
18295497,New Delhi,Naraina,28.622227,77.1356151,23
18460299,New Delhi,Naraina,28.6308841,77.1465469,23
1973,New Delhi,Naraina,28.6292946,77.1371165,23
18369770,New Delhi,Naraina,28.6314962,77.1468595,23
312848,New Delhi,Naraina,28.6296677,77.146539,23
18429186,New Delhi,Naraina,28.6213659,77.1363776,23
18416741,New Delhi,Naraina,28.6267926,77.1350843,23
18464625,New Delhi,Narela,28.84061467,77.12731652,-1
18435330,New Delhi,Narela,28.8002781,77.0356003,-1
18435326,New Delhi,Narela,28.80619877,77.04952508,-1
18464648,New Delhi,Narela,28.84056856,77.09081333,-1
18464629,New Delhi,Narela,28.85517216,77.08952788,-1
18435322,New Delhi,Narela,28.85192847,77.0880292,-1
18014151,New Delhi,Narela,28.79751667,77.03510278,-1
18375378,New Delhi,Narela,28.85510345,77.0895081,-1
310408,New Delhi,Nehru Place,28.5489159,77.252055,13
1185,New Delhi,Nehru Place,28.5501583,77.2509774,13
5536,New Delhi,Nehru Place,28.548633,77.2541182,13
18393213,New Delhi,Nehru Place,28.5478786,77.2515162,13
308336,New Delhi,Nehru Place,28.5490183,77.2531326,13
637,New Delhi,Nehru Place,28.549693,77.2507978,13
313159,New Delhi,Nehru Place,28.5478742,77.2524142,13
3608,New Delhi,Nehru Place,28.5501668,77.2510672,13
3636,New Delhi,Nehru Place,28.5484867,77.2523434,13
312790,New Delhi,Nehru Place,28.5486641,77.2528555,13
5537,New Delhi,Nehru Place,28.5482884,77.252055,13
308347,New Delhi,Nehru Place,28.5492872,77.2531326,13
2602,New Delhi,Nehru Place,28.5491128,77.2509473,13
3638,New Delhi,Nehru Place,28.5485744,77.2522346,13
18017281,New Delhi,Nehru Place,28.5483354,77.251606,13
3607,New Delhi,Nehru Place,28.549901,77.250474,13
3069,New Delhi,Nehru Place,28.5487963,77.2526836,13
18268390,New Delhi,Nehru Place,28.5498766,77.2498998,13
196,New Delhi,Nehru Place,28.5501754,77.251157,13
5487,New Delhi,Nehru Place,28.5490569,77.250708,13
308331,New Delhi,Nehru Place,28.5498979,77.2510672,13
18126080,New Delhi,Nehru Place,28.5490976,77.2511424,13
148,New Delhi,Nehru Place,28.5501754,77.251157,13
18412898,New Delhi,Nehru Place,28.5487046,77.2521897,13
5528,New Delhi,Nehru Place,28.5478786,77.2515162,13
17953929,New Delhi,Nehru Place,28.5473151,77.2512468,13
18355121,New Delhi,Nehru Place,28.5471678,77.2511121,13
9210,New Delhi,Nehru Place,28.5494455,77.2500794,13
2703,New Delhi,Nehru Place,28.547266,77.2512019,13
18478963,New Delhi,Nehru Place,28.5471755,77.2509547,13
2232,New Delhi,Nehru Place,28.549027,77.2513366,13
2775,New Delhi,Nehru Place,28.5501242,77.2506182,13
311623,New Delhi,Netaji Subhash Place,28.6916888,77.1483815,15
311077,New Delhi,Netaji Subhash Place,28.693387,77.1496283,15
492,New Delhi,Netaji Subhash Place,28.6912959,77.152022,15
304030,New Delhi,Netaji Subhash Place,28.6926578,77.1528753,15
18366028,New Delhi,Netaji Subhash Place,28.6937883,77.1497297,15
18168143,New Delhi,Netaji Subhash Place,28.6936352,77.1499993,15
18294246,New Delhi,Netaji Subhash Place,28.6937247,77.1499993,15
2370,New Delhi,Netaji Subhash Place,28.6937161,77.1499094,15
3893,New Delhi,Netaji Subhash Place,28.6936956,77.1506285,15
5366,New Delhi,Netaji Subhash Place,28.6913437,77.1522462,15
18037828,New Delhi,Netaji Subhash Place,28.6933956,77.1493702,15
2377,New Delhi,Netaji Subhash Place,28.6938779,77.1497297,15
18384151,New Delhi,Netaji Subhash Place,28.6940829,77.1499993,15
2966,New Delhi,Netaji Subhash Place,28.6934012,77.150756,15
257,New Delhi,Netaji Subhash Place,28.6941379,77.1496398,15
2380,New Delhi,Netaji Subhash Place,28.6937883,77.1497297,15
18285222,New Delhi,Netaji Subhash Place,28.6933978,77.1512576,15
309463,New Delhi,Netaji Subhash Place,28.6934043,77.1494601,15
18219550,New Delhi,Netaji Subhash Place,28.6941293,77.1495499,15
3230,New Delhi,Netaji Subhash Place,28.6953879,77.1519316,15
309542,New Delhi,Netaji Subhash Place,28.6937824,77.1501341,15
2965,New Delhi,Netaji Subhash Place,28.6936006,77.1496398,15
3372,New Delhi,Netaji Subhash Place,28.6937161,77.1499094,15
312223,New Delhi,Netaji Subhash Place,28.6930828,77.151707,15
8828,New Delhi,Netaji Subhash Place,28.6934788,77.1511677,15
2524,New Delhi,Netaji Subhash Place,28.6937161,77.1499094,15
18458640,New Delhi,Netaji Subhash Place,28.6927106,77.1518301,15
2532,New Delhi,Netaji Subhash Place,28.6936352,77.1499993,15
5368,New Delhi,Netaji Subhash Place,28.6937797,77.1496398,15
18272383,New Delhi,Netaji Subhash Place,28.6931637,77.1516171,15
18332018,New Delhi,Netaji Subhash Place,28.6939598,77.1502307,15
18423901,New Delhi,Netaji Subhash Place,28.6936265,77.1499094,15
1969,New Delhi,Netaji Subhash Place,28.6925061,77.1489657,15
18455548,New Delhi,Netaji Subhash Place,28.694444,77.147338,15
310126,New Delhi,Netaji Subhash Place,28.6937247,77.1499993,15
5291,New Delhi,Netaji Subhash Place,28.6916209,77.1523361,15
3522,New Delhi,Netaji Subhash Place,28.6937508,77.1497494,15
18345519,New Delhi,Netaji Subhash Place,28.6930397,77.1512576,15
305967,New Delhi,Netaji Subhash Place,28.6931087,77.1519766,15
18432015,New Delhi,Netaji Subhash Place,28.6932029,77.1518426,15
18204820,New Delhi,Netaji Subhash Place,28.6936643,77.1493702,15
18361244,New Delhi,Netaji Subhash Place,28.6939329,77.1493702,15
9561,New Delhi,Netaji Subhash Place,28.6923578,77.1516171,15
18361780,New Delhi,Netaji Subhash Place,28.6926883,77.1490259,15
18208880,New Delhi,Netaji Subhash Place,28.6933618,77.1513743,15
307620,New Delhi,Netaji Subhash Place,28.6907955,77.1502689,15
302242,New Delhi,Netaji Subhash Place,28.6912864,77.1507183,15
310348,New Delhi,New Friends Colony,28.56240125,77.26883523,13
309680,New Delhi,New Friends Colony,28.57086609,77.26652149,13
1508,New Delhi,New Friends Colony,28.57094736,77.26684134,13
311553,New Delhi,New Friends Colony,28.56238181,77.28829969,13
7720,New Delhi,New Friends Colony,28.5693697,77.26801079,13
308332,New Delhi,New Friends Colony,28.56563745,77.27004256,13
306331,New Delhi,New Friends Colony,28.5613894,77.2687116,13
18303863,New Delhi,New Friends Colony,28.56971362,77.26754777,13
212,New Delhi,New Friends Colony,28.5613573,77.2688462,13
304183,New Delhi,New Friends Colony,28.56088235,77.27258228,13
1915,New Delhi,New Friends Colony,28.56929078,77.2682086,13
5901,New Delhi,New Friends Colony,28.5691783,77.26803929,13
311824,New Delhi,New Friends Colony,28.56250019,77.28950668,13
18376488,New Delhi,New Friends Colony,28.5613147,77.2683973,13
300013,New Delhi,New Friends Colony,28.561703,77.268271,13
181,New Delhi,New Friends Colony,28.5613658,77.268936,13
18277019,New Delhi,New Friends Colony,28.56298018,77.29113277,13
7721,New Delhi,New Friends Colony,28.56921452,77.2681563,13
308334,New Delhi,New Friends Colony,28.55941173,77.27250919,13
309675,New Delhi,New Friends Colony,28.5603414,77.27289509,13
300020,New Delhi,New Friends Colony,28.570839,77.26689197,13
7717,New Delhi,New Friends Colony,28.5608741,77.27209244,13
303547,New Delhi,New Friends Colony,28.56489598,77.28855785,13
18428200,New Delhi,New Friends Colony,28.57473537,77.26416081,13
18144480,New Delhi,New Friends Colony,28.56528,77.271844,13
302945,New Delhi,New Friends Colony,28.55982665,77.27205321,13
18471283,New Delhi,New Friends Colony,28.563202,77.268831,13
18337892,New Delhi,New Friends Colony,28.56159495,77.29254572,13
267,New Delhi,New Friends Colony,28.5613573,77.2688462,13
18424893,New Delhi,New Friends Colony,28.561936,77.268211,13
306526,New Delhi,New Friends Colony,28.565383,77.268779,13
303559,New Delhi,New Friends Colony,28.56308413,77.2912015,13
18254540,New Delhi,New Friends Colony,28.56252021,77.28850622,13
18354644,New Delhi,New Friends Colony,28.56077074,77.27276199,13
7684,New Delhi,New Friends Colony,28.56047774,77.27276031,13
112,New Delhi,New Friends Colony,28.56164062,77.27047574,13
1903,New Delhi,Nizamuddin,28.5902907,77.2525938,13
300710,New Delhi,Nizamuddin,28.5910927,77.2440626,13
308065,New Delhi,Nizamuddin,28.5912845,77.2413685,13
18441549,New Delhi,Nizamuddin,28.591272,77.2440626,13
3685,New Delhi,Nizamuddin,28.5916689,77.2435238,13
303599,New Delhi,Nizamuddin,28.5922428,77.242491,13
462,New Delhi,Nizamuddin,28.59126791,77.2436513,13
18474567,New Delhi,Nizamuddin,28.5923217,77.2419073,13
18434504,New Delhi,Nizamuddin,28.591272,77.2440626,13
680,New Delhi,Nizamuddin,28.5896164,77.2530428,13
18222581,New Delhi,Okhla Phase 1,28.5256742,77.2835266,19
18357551,New Delhi,Okhla Phase 1,28.50184423,77.28726067,1
18360900,New Delhi,Okhla Phase 1,28.5003643,77.2885264,1
18358168,New Delhi,Okhla Phase 1,28.50129443,77.28724223,1
18472680,New Delhi,Okhla Phase 1,28.5014785,77.287153,1
18409180,New Delhi,Okhla Phase 1,28.5275256,77.2729071,19
18429188,New Delhi,Okhla Phase 1,28.501281,77.287037,1
310164,New Delhi,Okhla Phase 2,28.5357956,77.2800843,19
7712,New Delhi,Okhla Phase 2,28.5370818,77.2806012,19
18311948,New Delhi,Okhla Phase 2,28.5345304,77.2781976,19
7483,New Delhi,Okhla Phase 2,28.5327507,77.2759158,19
18355004,New Delhi,Okhla Phase 2,28.5344146,77.278399,19
18291238,New Delhi,Okhla Phase 2,28.5378847,77.2753817,19
18472436,New Delhi,"Pacific Mall, Tagore Garden",28.642553,77.1064348,16
9037,New Delhi,"Pacific Mall, Tagore Garden",28.6421961,77.1065259,16
18391581,New Delhi,"Pacific Mall, Tagore Garden",28.6426602,77.1065016,16
7077,New Delhi,"Pacific Mall, Tagore Garden",28.6417977,77.1068818,16
306586,New Delhi,"Pacific Mall, Tagore Garden",28.6426643,77.1064258,16
306495,New Delhi,"Pacific Mall, Tagore Garden",28.6423028,77.1059714,16
9061,New Delhi,"Pacific Mall, Tagore Garden",28.6426609,77.106404,16
18357946,New Delhi,"Pacific Mall, Tagore Garden",28.6424049,77.1064285,16
308991,New Delhi,"Pacific Mall, Tagore Garden",28.642365,77.1064014,16
7071,New Delhi,"Pacific Mall, Tagore Garden",28.642112,77.1062108,16
18282040,New Delhi,"Pacific Mall, Tagore Garden",28.642704,77.1065917,16
8379,New Delhi,"Pacific Mall, Tagore Garden",28.6422203,77.1062245,16
9040,New Delhi,"Pacific Mall, Tagore Garden",28.6425056,77.1059749,16
18367984,New Delhi,"Pacific Mall, Tagore Garden",28.6425574,77.1062179,16
4455,New Delhi,"Pacific Mall, Tagore Garden",28.6421265,77.106489,16
4454,New Delhi,"Pacific Mall, Tagore Garden",28.6426228,77.1063059,16
4560,New Delhi,"Pacific Mall, Tagore Garden",28.6424982,77.1065639,16
4563,New Delhi,"Pacific Mall, Tagore Garden",28.6427806,77.1063609,16
5062,New Delhi,"Pacific Mall, Tagore Garden",28.6424495,77.1068457,16
4568,New Delhi,"Pacific Mall, Tagore Garden",28.6419495,77.1063393,16
4566,New Delhi,"Pacific Mall, Tagore Garden",28.6424575,77.1069047,16
18383434,New Delhi,"Pacific Mall, Tagore Garden",28.6421787,77.1060471,16
308972,New Delhi,"Pacific Mall, Tagore Garden",28.6424882,77.1064068,16
307560,New Delhi,"Pacific Mall, Tagore Garden",28.6423578,77.1064559,16
18336478,New Delhi,"Pacific Mall, Tagore Garden",28.6421902,77.1065198,16
309004,New Delhi,"Pacific Mall, Tagore Garden",28.6423346,77.1064741,16
6283,New Delhi,Paharganj,28.64599167,77.21546111,13
6356,New Delhi,Paharganj,28.64486111,77.21439444,13
18356800,New Delhi,Paharganj,28.641786,77.224386,13
18253103,New Delhi,Paharganj,28.6407217,77.2110097,13
304152,New Delhi,Paharganj,28.6429341,77.22227074,13
18287392,New Delhi,Paharganj,28.6406664,77.2113691,13
3116,New Delhi,Paharganj,28.6409218,77.2102911,13
308620,New Delhi,Paharganj,28.6402223,77.2104708,13
300608,New Delhi,Paharganj,28.64379167,77.21226389,13
302162,New Delhi,Paharganj,28.64084258,77.21339095,13
308187,New Delhi,Paharganj,28.64558376,77.21074697,13
8292,New Delhi,Paharganj,28.64251389,77.21537778,13
307114,New Delhi,Paharganj,28.64106944,77.21334167,13
18408059,New Delhi,Paharganj,28.64102619,77.21350629,13
308614,New Delhi,Paharganj,28.64601747,77.21406352,13
304217,New Delhi,Paharganj,28.64588388,77.21419964,13
302724,New Delhi,Paharganj,28.6417221,77.21711855,13
5799,New Delhi,Paharganj,28.64665684,77.21133538,13
3117,New Delhi,Paharganj,28.6418801,77.21048,13
300639,New Delhi,Paharganj,28.64538,77.21650167,13
18384879,New Delhi,Paharganj,28.62486609,77.20943915,13
300635,New Delhi,Paharganj,28.64754161,77.21159454,13
302159,New Delhi,Paharganj,28.6407474,77.2112792,13
18204494,New Delhi,Paharganj,28.64533983,77.21226476,13
305135,New Delhi,Paharganj,28.64423731,77.21077781,13
302155,New Delhi,Paharganj,28.640825,77.21124167,13
3119,New Delhi,Paharganj,28.64102,77.2103809,13
3254,New Delhi,Paharganj,28.64062222,77.21045556,13
302272,New Delhi,Paharganj,28.64574667,77.21796833,13
300616,New Delhi,Paharganj,28.64710556,77.20978611,13
5796,New Delhi,Paharganj,28.640745,77.2107852,13
310595,New Delhi,Paharganj,28.638784,77.2094826,13
303788,New Delhi,Paharganj,28.6408418,77.2122674,13
305490,New Delhi,Paharganj,28.64522214,77.21423384,13
300620,New Delhi,Paharganj,28.64571111,77.21111389,13
18218076,New Delhi,Paharganj,28.64784229,77.21426713,13
308682,New Delhi,Paharganj,28.64436148,77.21523765,13
18198465,New Delhi,Paharganj,28.64569263,77.21764829,13
311879,New Delhi,Paharganj,28.6421442,77.2104258,13
1888,New Delhi,Paharganj,28.64012372,77.21072584,13
301191,New Delhi,Paharganj,28.64063,77.21341833,13
6345,New Delhi,Paharganj,28.64541167,77.21133667,13
6355,New Delhi,Paharganj,28.64613634,77.21123043,13
300571,New Delhi,Paharganj,28.64581886,77.21554611,13
302173,New Delhi,Paharganj,28.6406874,77.2106504,13
5801,New Delhi,Paharganj,28.6404495,77.2131708,13
18261165,New Delhi,Paharganj,28.64141166,77.21558299,13
302188,New Delhi,Paharganj,28.64154113,77.21615497,13
18017258,New Delhi,Paharganj,28.64598569,77.21508846,13
3094,New Delhi,Paharganj,28.645035,77.217927,13
3118,New Delhi,Paharganj,28.64525804,77.21109062,13
6359,New Delhi,Paharganj,28.64583167,77.21598167,13
18252250,New Delhi,Paharganj,28.64058864,77.21702065,13
5949,New Delhi,Paharganj,28.6405487,77.2106055,13
18409188,New Delhi,Paharganj,28.64481668,77.21376009,13
5753,New Delhi,Paharganj,28.6441564,77.21574157,13
18354666,New Delhi,Paharganj,28.64588182,77.21521385,13
305025,New Delhi,Paharganj,28.65449722,77.20937222,13
311468,New Delhi,Paharganj,28.65731111,77.21249444,13
18381669,New Delhi,Paharganj,28.6387755,77.2093928,13
18273527,New Delhi,Paharganj,28.64217671,77.21832521,13
6075,New Delhi,Paharganj,28.6423212,77.2104544,13
306750,New Delhi,Palam,28.590995,77.0909272,16
306739,New Delhi,Palam,28.5999471,77.081824,16
18312564,New Delhi,Palam,28.5859879,77.0875177,16
306741,New Delhi,Palam,28.5988478,77.0816013,16
9974,New Delhi,Palam,28.5851308,77.0893327,16
300529,New Delhi,Palam,28.5990759,77.0818086,16
312169,New Delhi,Palam,28.5974151,77.0815144,16
301783,New Delhi,Palam,28.5910707,77.0909658,16
9218,New Delhi,Palam,28.5899658,77.0811572,16
301994,New Delhi,Palam,28.5852411,77.0892552,16
306729,New Delhi,Palam,28.5959508,77.0808459,16
9207,New Delhi,Palam,28.5891867,77.0803073,16
306743,New Delhi,Palam,28.5886994,77.0807273,16
306733,New Delhi,Palam,28.6054188,77.0830226,16
302042,New Delhi,Palam,28.6041636,77.0688245,16
18231755,New Delhi,Palam,28.5990759,77.0818086,16
18228878,New Delhi,Palam,28.5955838,77.0976348,16
302011,New Delhi,Palam,28.6106461,77.0842816,16
18366001,New Delhi,Palam,28.5828978,77.0902799,16
18368020,New Delhi,Palam,28.5913425,77.093073,16
301786,New Delhi,Palam,28.597615,77.10086,16
302221,New Delhi,Palam,28.5901329,77.0889332,16
302175,New Delhi,Palam,28.5974807,77.1007496,16
18431171,New Delhi,Palam,28.6076275,77.0817653,16
17989108,New Delhi,Palam,28.6029698,77.0688364,16
18449798,New Delhi,Palam,28.5872923,77.0851879,16
313287,New Delhi,Palam,28.5912498,77.0907871,16
312161,New Delhi,Palam,28.5885001,77.0910041,16
18368003,New Delhi,Palam,28.5931848,77.0864659,16
312153,New Delhi,Palam,28.6003471,77.0819105,16
18449651,New Delhi,Palam,28.59918909,77.07506843,16
18431159,New Delhi,Palam,28.6048103,77.0821745,16
18350870,New Delhi,Palam,28.6057682,77.1079132,16
302002,New Delhi,Palam,28.6061412,77.068718,16
312146,New Delhi,Palam,28.583836,77.0911161,16
18431173,New Delhi,Palam,28.6093193,77.083122,16
18372324,New Delhi,Palam,28.5861677,77.0917506,16
18445631,New Delhi,Palam,28.60761477,77.10199412,16
18431151,New Delhi,Palam,28.6005361,77.0824439,16
18378581,New Delhi,Palam,28.6006231,77.101591,16
18406823,New Delhi,Palam,28.6069426,77.076292,16
301867,New Delhi,Palam,28.5912032,77.0927191,16
306657,New Delhi,Palam,28.6040477,77.068668,16
306747,New Delhi,Palam,28.5845283,77.0902079,16
18376478,New Delhi,Palam,28.6004059,77.0817069,16
301775,New Delhi,Palam,28.5942717,77.0961177,16
313012,New Delhi,Palam,28.5871261,77.0909455,16
18466429,New Delhi,Palam,28.5867302,77.0875638,16
302782,New Delhi,Palam,28.5848753,77.0899375,16
18440259,New Delhi,Palam,28.596432,77.0849466,16
18369764,New Delhi,Palam,28.5865739,77.0918982,16
17989110,New Delhi,Palam,28.5830299,77.0903881,16
18369751,New Delhi,Palam,28.6040693,77.10665,16
302046,New Delhi,Palam,28.6030799,77.0687114,16
18431105,New Delhi,Palam,28.5962898,77.0847547,16
18489651,New Delhi,Palam,28.60444754,77.08320702,16
306749,New Delhi,Palam,28.583969,77.0909427,16
308128,New Delhi,Palam,28.5883368,77.0893623,16
306653,New Delhi,Palam,28.6062929,77.0686475,16
18433910,New Delhi,"Palate of Delhi, Chanakyapuri",28.5921535,77.1622219,13
18435287,New Delhi,"Palate of Delhi, Chanakyapuri",28.5921535,77.1622219,13
18433897,New Delhi,"Palate of Delhi, Chanakyapuri",28.5921535,77.1622219,13
18435820,New Delhi,"Palate of Delhi, Chanakyapuri",28.5921448,77.162132,13
18435289,New Delhi,"Palate of Delhi, Chanakyapuri",28.5921535,77.1622219,13
18438424,New Delhi,"Palate of Delhi, Chanakyapuri",28.5921362,77.1620421,13
18435290,New Delhi,"Palate of Delhi, Chanakyapuri",28.5921448,77.162132,13
18433864,New Delhi,"Palate of Delhi, Chanakyapuri",28.5921535,77.1622219,13
18435829,New Delhi,"Palate of Delhi, Chanakyapuri",28.5921448,77.162132,13
7618,New Delhi,Panchsheel Park,28.5438243,77.2300888,13
3637,New Delhi,Panchsheel Park,28.543918,77.2301503,13
302277,New Delhi,Panchsheel Park,28.5420321,77.2260944,13
18216942,New Delhi,Panchsheel Park,28.5480806,77.2112423,13
5784,New Delhi,Pandara Road Market,28.6079937,77.230028,13
5783,New Delhi,Pandara Road Market,28.6079866,77.2297975,13
800,New Delhi,Pandara Road Market,28.6080413,77.2298169,13
73,New Delhi,Pandara Road Market,28.6080707,77.2297892,13
308537,New Delhi,Pandara Road Market,28.6080468,77.2298329,13
803,New Delhi,Pandara Road Market,28.6079765,77.2300185,13
103,New Delhi,Pandara Road Market,28.6080723,77.2298055,13
18421051,New Delhi,Pandara Road Market,28.6081696,77.2305318,13
799,New Delhi,Pandara Road Market,28.6081402,77.229733,13
801,New Delhi,Pandara Road Market,28.6080483,77.2297998,13
308845,New Delhi,Pandav Nagar,28.619105,77.2853799,8
306826,New Delhi,Pandav Nagar,28.6187643,77.2843146,8
18432030,New Delhi,Pandav Nagar,28.6213874,77.2847393,8
18466825,New Delhi,Pandav Nagar,28.62789848,77.21252906,13
18440169,New Delhi,Pandav Nagar,28.6192264,77.2858165,8
18393448,New Delhi,Pandav Nagar,28.6213699,77.2847055,8
18294222,New Delhi,Pandav Nagar,28.62103989,77.28373256,8
18232109,New Delhi,Pandav Nagar,28.6213841,77.2847283,8
303468,New Delhi,Pandav Nagar,28.6180762,77.2835092,8
18289272,New Delhi,Pandav Nagar,28.6238533,77.2857811,8
18440436,New Delhi,Pandav Nagar,28.6210849,77.2849549,8
18372299,New Delhi,Pandav Nagar,28.6185463,77.2842381,8
18244429,New Delhi,Pandav Nagar,28.6180657,77.2833786,8
311199,New Delhi,Pandav Nagar,28.6185799,77.2847755,8
300801,New Delhi,Pandav Nagar,28.618738,77.2843343,8
18293989,New Delhi,Pandav Nagar,28.62235249,77.29241386,8
18440163,New Delhi,Pandav Nagar,28.6193685,77.280266,8
18303817,New Delhi,Paschim Vihar,28.6725877,77.1028857,16
312913,New Delhi,Paschim Vihar,28.6726853,77.1029262,16
5645,New Delhi,Paschim Vihar,28.6628265,77.1086886,16
312387,New Delhi,Paschim Vihar,28.6689519,77.1047423,16
5594,New Delhi,Paschim Vihar,28.6700417,77.1024553,16
18175309,New Delhi,Paschim Vihar,28.667271,77.090488,16
312990,New Delhi,Paschim Vihar,28.6727831,77.0881856,16
18233577,New Delhi,Paschim Vihar,28.6704942,77.1088139,16
309836,New Delhi,Paschim Vihar,28.66483434,77.08939813,16
7692,New Delhi,Paschim Vihar,28.6755527,77.1041432,16
18224548,New Delhi,Paschim Vihar,28.6800158,77.0876088,16
213,New Delhi,Paschim Vihar,28.6768613,77.1043703,16
7488,New Delhi,Paschim Vihar,28.6772543,77.1113214,16
18356817,New Delhi,Paschim Vihar,28.67279557,77.10953582,16
1987,New Delhi,Paschim Vihar,28.6707476,77.1101679,16
18241871,New Delhi,Paschim Vihar,28.6764727,77.1044433,16
300337,New Delhi,Paschim Vihar,28.66980833,77.10151667,16
18232113,New Delhi,Paschim Vihar,28.6625244,77.1005941,16
303018,New Delhi,Paschim Vihar,28.6684312,77.1011865,16
300318,New Delhi,Paschim Vihar,28.6645411,77.091691,16
18070479,New Delhi,Paschim Vihar,28.67004128,77.10144192,16
9956,New Delhi,Paschim Vihar,28.6636449,77.0923895,16
5652,New Delhi,Paschim Vihar,28.6770198,77.1043454,16
7330,New Delhi,Paschim Vihar,28.6702286,77.0845702,16
4801,New Delhi,Paschim Vihar,28.66237699,77.10041028,16
9853,New Delhi,Paschim Vihar,28.6705118,77.083637,16
308929,New Delhi,Paschim Vihar,28.6743735,77.1037178,16
300344,New Delhi,Paschim Vihar,28.66843611,77.10166944,16
18372287,New Delhi,Paschim Vihar,28.6651734,77.0923449,16
18198449,New Delhi,Paschim Vihar,28.6726943,77.1090579,16
300343,New Delhi,Paschim Vihar,28.6732969,77.0883005,16
300323,New Delhi,Paschim Vihar,28.663641,77.0921794,16
2366,New Delhi,Paschim Vihar,28.6700821,77.1085776,16
300334,New Delhi,Paschim Vihar,28.66727869,77.09194355,16
300321,New Delhi,Paschim Vihar,28.6644992,77.0916769,16
5655,New Delhi,Paschim Vihar,28.6656865,77.1078468,16
7274,New Delhi,Paschim Vihar,28.6702637,77.0850323,16
9670,New Delhi,Paschim Vihar,28.6609267,77.0917501,16
311957,New Delhi,Paschim Vihar,28.66988331,77.08380103,16
1990,New Delhi,Paschim Vihar,28.6684011,77.1011338,16
18279470,New Delhi,Paschim Vihar,28.6622052,77.1006085,16
307965,New Delhi,Paschim Vihar,28.6643779,77.0916553,16
18336183,New Delhi,Paschim Vihar,28.66843981,77.10143723,16
18472416,New Delhi,Paschim Vihar,28.66197022,77.1008109,16
306636,New Delhi,Paschim Vihar,28.6770448,77.1113276,16
300335,New Delhi,Paschim Vihar,28.6701038,77.1018159,16
311379,New Delhi,Paschim Vihar,28.6626766,77.1005797,16
18379474,New Delhi,Paschim Vihar,28.6621865,77.1005772,16
309307,New Delhi,Paschim Vihar,28.6698165,77.1089081,16
312425,New Delhi,Paschim Vihar,28.6691804,77.1048462,16
7291,New Delhi,Paschim Vihar,28.6700408,77.1073558,16
18163915,New Delhi,Paschim Vihar,28.6626539,77.100584,16
18233583,New Delhi,Paschim Vihar,28.67277733,77.08830345,16
310630,New Delhi,Paschim Vihar,28.6701078,77.1088081,16
7271,New Delhi,Paschim Vihar,28.6733616,77.0881834,16
18138442,New Delhi,Paschim Vihar,28.6700688,77.0876301,16
308559,New Delhi,Patparganj,28.6342441,77.3095668,8
18358841,New Delhi,Patparganj,28.6351477,77.3102527,8
18397140,New Delhi,Patparganj,28.6279757,77.3082555,8
18168171,New Delhi,Patparganj,28.6347816,77.3040401,8
18208914,New Delhi,Patparganj,28.6311367,77.3061913,8
18231410,New Delhi,Patparganj,28.6238399,77.3014118,8
18037850,New Delhi,Patparganj,28.6280118,77.3080199,8
307501,New Delhi,"Piccadily Hotel, Janakpuri",28.6295053,77.079438,16
3362,New Delhi,Pitampura,28.6977426,77.1405619,15
18424879,New Delhi,Pitampura,28.7126174,77.1411462,15
18363074,New Delhi,Pitampura,28.7085403,77.1355283,15
18386078,New Delhi,Pitampura,28.7128025,77.1473489,15
313146,New Delhi,Pitampura,28.7120026,77.138944,15
3967,New Delhi,Pitampura,28.6987597,77.1390339,15
18378050,New Delhi,Pitampura,28.68867,77.1348248,15
309685,New Delhi,Pitampura,28.6888166,77.1296855,15
8940,New Delhi,Pitampura,28.7052826,77.1414823,15
300672,New Delhi,Pitampura,28.7147226,77.1452027,15
313355,New Delhi,Pitampura,28.7145998,77.1452869,15
2958,New Delhi,Pitampura,28.6880009,77.1351688,15
304093,New Delhi,Pitampura,28.6998969,77.1450145,15
6453,New Delhi,Pitampura,28.7013542,77.1357531,15
18456456,New Delhi,Pitampura,28.6939262,77.1306743,15
18306511,New Delhi,Pitampura,28.7007092,77.1499993,15
214,New Delhi,Pitampura,28.6992587,77.1394556,15
3892,New Delhi,Pitampura,28.6886191,77.1350789,15
300873,New Delhi,Pitampura,28.70384,77.1406518,15
307419,New Delhi,Pitampura,28.7183711,77.1404369,15
5862,New Delhi,Pitampura,28.7039917,77.1459548,15
18477957,New Delhi,Pitampura,28.7147518,77.14529034,15
18398575,New Delhi,Pitampura,28.7062841,77.138135,15
1123,New Delhi,Pitampura,28.6883727,77.1350596,15
313443,New Delhi,Pitampura,28.7146757,77.1453257,15
306816,New Delhi,Pitampura,28.7119934,77.1416405,15
312471,New Delhi,Pitampura,28.68571,77.1360227,15
194,New Delhi,Pitampura,28.6893243,77.1331014,15
1959,New Delhi,Pitampura,28.6877493,77.1351915,15
17977763,New Delhi,Pitampura,28.6882703,77.121461,15
8941,New Delhi,Pitampura,28.6880453,77.1300451,15
308607,New Delhi,Pitampura,28.7122653,77.1415008,15
313442,New Delhi,Pitampura,28.714488,77.1452358,15
18358201,New Delhi,Pitampura,28.7147566,77.1452358,15
5392,New Delhi,Pitampura,28.6834858,77.1357081,15
312334,New Delhi,Pitampura,28.6882083,77.1215051,15
18396440,New Delhi,Pitampura,28.7052868,77.1417304,15
3966,New Delhi,Pitampura,28.6991601,77.1393754,15
304389,New Delhi,Pitampura,28.7052961,77.1390339,15
18175260,New Delhi,Pitampura,28.7133009,77.1401237,15
18057827,New Delhi,Pitampura,28.7052868,77.1417304,15
8961,New Delhi,Pitampura,28.70533,77.1421798,15
312327,New Delhi,Pitampura,28.7063335,77.1382808,15
306809,New Delhi,Pitampura,28.6882488,77.1214601,15
9792,New Delhi,Pitampura,28.710052,77.1437977,15
18218787,New Delhi,Pitampura,28.6999935,77.1369665,15
311512,New Delhi,Pitampura,28.6954275,77.13418,15
18421020,New Delhi,Pitampura,28.6912752,77.1058511,-1
308364,New Delhi,Pitampura,28.7049836,77.1413709,15
307276,New Delhi,Pitampura,28.7049788,77.1447393,15
18350101,New Delhi,Pitampura,28.7065181,77.1377755,15
18361220,New Delhi,Pitampura,28.7071071,77.1393205,15
311576,New Delhi,Pitampura,28.7067569,77.1375505,15
300836,New Delhi,Pitampura,28.6917172,77.1402923,15
18265418,New Delhi,Pitampura,28.6838684,77.1304079,15
18017253,New Delhi,Pitampura,28.6953352,77.1336856,15
300872,New Delhi,Pitampura,28.7012377,77.1355462,15
3333,New Delhi,Pitampura,28.6984959,77.1400381,15
6451,New Delhi,Pitampura,28.701269,77.1355856,15
6454,New Delhi,Pitampura,28.7012878,77.1355283,15
18398592,New Delhi,Pitampura,28.6930758,77.1116159,15
18265676,New Delhi,Pitampura,28.6885884,77.1296406,15
3080,New Delhi,Pitampura,28.6997487,77.1455953,15
313173,New Delhi,Pitampura,28.6992827,77.1379553,15
18476896,New Delhi,Pitampura,28.70012968,77.14499371,15
306011,New Delhi,Pitampura,28.6884763,77.1290202,15
4683,New Delhi,Pitampura,28.69919,77.1393218,15
18222572,New Delhi,Pitampura,28.6955603,77.1346295,15
8964,New Delhi,Pitampura,28.6861274,77.1291911,15
18322667,New Delhi,Pitampura,28.6882228,77.1217587,15
311209,New Delhi,Pitampura,28.7046286,77.140472,15
6449,New Delhi,Pitampura,28.7008747,77.1358879,15
18363081,New Delhi,Pitampura,28.7085129,77.1355204,15
18451571,New Delhi,Pitampura,28.712165,77.141747,15
18359282,New Delhi,Pitampura,28.7064856,77.1426944,15
18361222,New Delhi,Pitampura,28.7100972,77.1437283,15
18358182,New Delhi,Pitampura,28.7122306,77.1416255,15
18361223,New Delhi,Pitampura,28.7129394,77.1406183,15
18451573,New Delhi,Pitampura,28.7132994,77.1401987,15
18396396,New Delhi,Pitampura,28.7132876,77.1402024,15
312763,New Delhi,Pitampura,28.7017575,77.1339547,15
307444,New Delhi,Pitampura,28.6836909,77.1359778,15
305398,New Delhi,Pitampura,28.7032305,77.1325545,15
302815,New Delhi,Pragati Maidan,28.6143292,77.2405602,-1
305525,New Delhi,Pragati Maidan,28.6131676,77.2419091,-1
313481,New Delhi,Prashant Vihar,28.71318,77.1369983,15
18359287,New Delhi,Prashant Vihar,28.7159746,77.1346295,15
18199151,New Delhi,Prashant Vihar,28.7153479,77.1346295,15
311162,New Delhi,Prashant Vihar,28.7155992,77.1344497,15
18204823,New Delhi,Prashant Vihar,28.710643,77.1331449,15
302465,New Delhi,Prashant Vihar,28.7098286,77.1344612,15
18359296,New Delhi,Prashant Vihar,28.7127596,77.1375058,15
300925,New Delhi,Prashant Vihar,28.7106084,77.1333485,15
307026,New Delhi,Prashant Vihar,28.7128377,77.1369216,15
18352220,New Delhi,Prashant Vihar,28.7154778,77.1345845,15
18359300,New Delhi,Prashant Vihar,28.7143111,77.1340901,15
18445759,New Delhi,Prashant Vihar,28.7101555,77.1337829,15
18435210,New Delhi,Prashant Vihar,28.7132323,77.1371188,15
18430914,New Delhi,Prashant Vihar,28.7124595,77.1362474,15
18216703,New Delhi,Prashant Vihar,28.7124101,77.1375957,15
18359285,New Delhi,Prashant Vihar,28.7155806,77.1343223,15
18359289,New Delhi,Prashant Vihar,28.7153016,77.1350789,15
18057816,New Delhi,Preet Vihar,28.6414658,77.2958299,8
18303432,New Delhi,Preet Vihar,28.6434655,77.2974723,8
3790,New Delhi,Preet Vihar,28.6393251,77.2947783,8
2509,New Delhi,Preet Vihar,28.6424569,77.2959927,8
18238913,New Delhi,Preet Vihar,28.6424299,77.2982982,8
215,New Delhi,Preet Vihar,28.6393333,77.2949499,8
3793,New Delhi,Preet Vihar,28.6427964,77.296273,8
18244250,New Delhi,Preet Vihar,28.6347371,77.2908794,8
18372294,New Delhi,Preet Vihar,28.6427539,77.2956527,8
6261,New Delhi,Preet Vihar,28.6342718,77.2909933,8
18376484,New Delhi,Preet Vihar,28.6428704,77.296126,8
468,New Delhi,Preet Vihar,28.6427202,77.2964641,8
8276,New Delhi,Preet Vihar,28.6424226,77.2959509,8
6120,New Delhi,Preet Vihar,28.6413119,77.2938388,8
18252395,New Delhi,Preet Vihar,28.6424254,77.2982982,8
18180073,New Delhi,Preet Vihar,28.64106087,77.29361692,8
18441678,New Delhi,Preet Vihar,28.6345502,77.2907956,8
18400762,New Delhi,Preet Vihar,28.6326548,77.2860243,8
306492,New Delhi,Preet Vihar,28.6397613,77.2918406,8
8488,New Delhi,Preet Vihar,28.6397222,77.294789,8
310536,New Delhi,Preet Vihar,28.6408942,77.2908649,8
308360,New Delhi,Preet Vihar,28.6430348,77.2975458,8
18017248,New Delhi,Preet Vihar,28.6343075,77.2910228,8
312855,New Delhi,Preet Vihar,28.6409665,77.2911149,8
8600,New Delhi,Preet Vihar,28.642275,77.2979211,8
18380143,New Delhi,Preet Vihar,28.6327398,77.2860621,8
18254520,New Delhi,Preet Vihar,28.642482,77.2960691,8
18222554,New Delhi,Preet Vihar,28.6345491,77.2912335,8
18462589,New Delhi,Preet Vihar,28.642713,77.294171,8
18336474,New Delhi,Preet Vihar,28.642748,77.2963039,8
18336477,New Delhi,Preet Vihar,28.6425644,77.2959276,8
18441566,New Delhi,Preet Vihar,28.6424671,77.2959775,8
18441669,New Delhi,Preet Vihar,28.6405983,77.2943559,8
18396358,New Delhi,Preet Vihar,28.6427625,77.2963876,8
6248,New Delhi,Preet Vihar,28.6394682,77.2942644,8
308832,New Delhi,Preet Vihar,28.6342767,77.2909535,8
18421030,New Delhi,Preet Vihar,28.6378195,77.2885921,8
18378016,New Delhi,Preet Vihar,28.640916,77.2907846,8
310889,New Delhi,Preet Vihar,28.6401732,77.2941345,8
308837,New Delhi,Preet Vihar,28.634274,77.2910726,8
18441685,New Delhi,Preet Vihar,28.6342674,77.2909771,8
6249,New Delhi,Preet Vihar,28.6398152,77.2945991,8
312860,New Delhi,Preet Vihar,28.6393314,77.2957374,8
18378023,New Delhi,Preet Vihar,28.6428518,77.2959899,8
18107855,New Delhi,Preet Vihar,28.6425454,77.296024,8
18396955,New Delhi,Preet Vihar,28.634305,77.2909616,8
310896,New Delhi,Preet Vihar,28.6425109,77.2959279,8
5446,New Delhi,"Premier Inn, Shalimar Bagh",28.725814,77.144054,15
5448,New Delhi,"Premier Inn, Shalimar Bagh",28.725814,77.144054,15
18408062,New Delhi,"Pride Plaza Hotel, Aerocity",28.552711,77.122934,14
18415386,New Delhi,"Pride Plaza Hotel, Aerocity",28.552732,77.12289,14
18397621,New Delhi,"Pride Plaza Hotel, Aerocity",28.552711,77.122934,14
18369301,New Delhi,Punjabi Bagh,28.6700104,77.1331919,16
309383,New Delhi,Punjabi Bagh,28.66622877,77.12556068,16
310801,New Delhi,Punjabi Bagh,28.67063315,77.13308394,16
495,New Delhi,Punjabi Bagh,28.66660385,77.1215605,16
18241532,New Delhi,Punjabi Bagh,28.66729693,77.11450998,16
18445783,New Delhi,Punjabi Bagh,28.66660532,77.12344006,16
18352179,New Delhi,Punjabi Bagh,28.66595077,77.12736078,16
309309,New Delhi,Punjabi Bagh,28.66690979,77.12029751,16
8272,New Delhi,Punjabi Bagh,28.66653148,77.12341726,16
1998,New Delhi,Punjabi Bagh,28.67067669,77.13267021,16
1120,New Delhi,Punjabi Bagh,28.66598342,77.12687194,16
18369772,New Delhi,Punjabi Bagh,28.66921407,77.14631662,16
216,New Delhi,Punjabi Bagh,28.67114118,77.13436034,16
303051,New Delhi,Punjabi Bagh,28.67047254,77.13409312,16
6905,New Delhi,Punjabi Bagh,28.66601166,77.1260123,16
307551,New Delhi,Punjabi Bagh,28.66599607,77.12674689,16
306267,New Delhi,Punjabi Bagh,28.66570983,77.12598313,16
306170,New Delhi,Punjabi Bagh,28.66539211,77.12608337,16
3972,New Delhi,Punjabi Bagh,28.66676065,77.11728808,16
2951,New Delhi,Punjabi Bagh,28.67093203,77.13452697,16
308242,New Delhi,Punjabi Bagh,28.67111912,77.13411123,16
18153553,New Delhi,Punjabi Bagh,28.6661817,77.1255647,16
311025,New Delhi,Punjabi Bagh,28.66934925,77.14233086,16
309578,New Delhi,Punjabi Bagh,28.67092056,77.13278923,16
476,New Delhi,Punjabi Bagh,28.67103528,77.13415582,16
310359,New Delhi,Punjabi Bagh,28.66992391,77.13446863,16
1308,New Delhi,Punjabi Bagh,28.6701719,77.13310942,16
301657,New Delhi,Punjabi Bagh,28.67024103,77.13306617,16
309188,New Delhi,Punjabi Bagh,28.66684831,77.11976878,16
8801,New Delhi,Punjabi Bagh,28.67055843,77.13401467,16
1986,New Delhi,Punjabi Bagh,28.6656307,77.1260133,16
304212,New Delhi,Punjabi Bagh,28.66650942,77.12363921,16
18288046,New Delhi,Punjabi Bagh,28.67075935,77.13329248,16
18082238,New Delhi,Punjabi Bagh,28.66658796,77.12443449,16
18228854,New Delhi,Punjabi Bagh,28.67064904,77.13270139,16
303105,New Delhi,Punjabi Bagh,28.66667416,77.12327108,16
308067,New Delhi,Punjabi Bagh,28.66922319,77.14290284,16
18420452,New Delhi,Punjabi Bagh,28.670435,77.133327,16
1054,New Delhi,Punjabi Bagh,28.66642175,77.12789018,16
312634,New Delhi,Punjabi Bagh,28.66598725,77.1270882,16
3516,New Delhi,Punjabi Bagh,28.66572954,77.12141566,16
5595,New Delhi,Punjabi Bagh,28.66621389,77.12603889,16
18232108,New Delhi,Punjabi Bagh,28.66714249,77.12002393,16
18358681,New Delhi,Punjabi Bagh,28.66681066,77.12182269,16
18418237,New Delhi,Punjabi Bagh,28.66655119,77.12365262,16
9230,New Delhi,Punjabi Bagh,28.67001569,77.13315569,16
6901,New Delhi,Punjabi Bagh,28.66622,77.125859,16
18403003,New Delhi,Punjabi Bagh,28.6669277,77.1199768,16
311421,New Delhi,Punjabi Bagh,28.66594841,77.12720487,16
176,New Delhi,Punjabi Bagh,28.67033898,77.13317614,16
1992,New Delhi,Punjabi Bagh,28.66657825,77.12184951,16
18287382,New Delhi,Punjabi Bagh,28.66624642,77.12559488,16
18294251,New Delhi,Punjabi Bagh,28.6706461,77.13377662,16
18291260,New Delhi,Punjabi Bagh,28.66695157,77.11988546,16
311836,New Delhi,Punjabi Bagh,28.67056226,77.13307187,16
18198459,New Delhi,Punjabi Bagh,28.66624083,77.12735139,16
18224547,New Delhi,Punjabi Bagh,28.66654178,77.12199099,16
307911,New Delhi,Punjabi Bagh,28.67409075,77.1290395,16
18287876,New Delhi,Punjabi Bagh,28.66666563,77.12192863,16
18375379,New Delhi,Punjabi Bagh,28.6665862,77.1224178,16
7167,New Delhi,PVR Anupam Complex,28.5233797,77.2069673,13
219,New Delhi,PVR Anupam Complex,28.5232693,77.2075519,13
572,New Delhi,PVR Anupam Complex,28.5229168,77.2070008,13
302381,New Delhi,PVR Anupam Complex,28.5233392,77.2070122,13
309232,New Delhi,PVR Anupam Complex,28.52352259,77.20727418,13
18303828,New Delhi,PVR Anupam Complex,28.52317764,77.20790416,13
2222,New Delhi,PVR Anupam Complex,28.5233853,77.2070566,13
175,New Delhi,PVR Anupam Complex,28.52335409,77.20765002,13
18400733,New Delhi,PVR Anupam Complex,28.52352259,77.20727418,13
18303724,New Delhi,PVR Anupam Complex,28.52338296,77.20744852,13
731,New Delhi,PVR Anupam Complex,28.5234779,77.2070571,13
18219522,New Delhi,PVR Anupam Complex,28.52332287,77.20718265,13
18219554,New Delhi,PVR Anupam Complex,28.52294227,77.20764901,13
7797,New Delhi,Qutab Institutional Area,28.5413709,77.1859094,13
18352263,New Delhi,Qutab Institutional Area,28.54047405,77.18545038,13
18312571,New Delhi,Qutab Institutional Area,28.5365468,77.1832793,13
18421038,New Delhi,Qutab Institutional Area,28.537381,77.181133,13
18412894,New Delhi,Qutab Institutional Area,28.5408514,77.1855515,13
18312463,New Delhi,Qutab Institutional Area,28.5424845,77.186376,13
18332442,New Delhi,Qutab Institutional Area,28.539589,77.182736,13
18345771,New Delhi,Qutab Institutional Area,28.54150757,77.18569312,13
18414497,New Delhi,Qutab Institutional Area,28.5419777,77.1852381,13
18355275,New Delhi,Qutab Institutional Area,28.5416196,77.1857394,13
18312455,New Delhi,Qutab Institutional Area,28.5415131,77.1862789,13
18025131,New Delhi,Qutab Institutional Area,28.54039444,77.18585833,13
18161591,New Delhi,Qutab Institutional Area,28.5361558,77.1884819,13
18312459,New Delhi,Qutab Institutional Area,28.54186954,77.18608741,13
302573,New Delhi,Qutab Institutional Area,28.5413154,77.1857753,13
18352264,New Delhi,Qutab Institutional Area,28.54151493,77.1864086,13
3555,New Delhi,Qutab Institutional Area,28.5418908,77.1863386,13
18414494,New Delhi,Qutab Institutional Area,28.536976,77.182236,13
18153550,New Delhi,Qutab Institutional Area,28.54210988,77.18650181,13
18439705,New Delhi,Qutab Institutional Area,28.546945,77.189514,13
7809,New Delhi,Qutab Institutional Area,28.542264,77.1856278,13
307171,New Delhi,R K Puram,28.5645773,77.1802838,13
300271,New Delhi,R K Puram,28.5750988,77.1759708,13
345,New Delhi,R K Puram,28.5724323,77.1738591,13
307865,New Delhi,R K Puram,28.5726799,77.1675179,13
307168,New Delhi,R K Puram,28.5642644,77.1779476,13
1859,New Delhi,R K Puram,28.5643243,77.1818562,13
301229,New Delhi,R K Puram,28.5734538,77.1728257,13
307169,New Delhi,R K Puram,28.5644842,77.1779027,13
306291,New Delhi,R K Puram,28.5650684,77.1807331,13
18428880,New Delhi,R K Puram,28.5661453,77.1760591,13
3381,New Delhi,R K Puram,28.5651411,77.1672392,13
8853,New Delhi,R K Puram,28.5647542,77.1778359,13
301154,New Delhi,R K Puram,28.5726386,77.1672793,13
309365,New Delhi,R K Puram,28.567461,77.175631,13
18427212,New Delhi,R K Puram,28.5652136,77.1672543,13
313127,New Delhi,R K Puram,28.5647404,77.181991,13
18486867,New Delhi,R K Puram,28.5642458,77.1784594,13
18472665,New Delhi,R K Puram,28.5724166,77.1671335,13
18486861,New Delhi,R K Puram,28.5737361,77.173904,13
18396151,New Delhi,R K Puram,28.5626093,77.1793853,13
18434343,New Delhi,R K Puram,28.5660557,77.1760606,13
18478389,New Delhi,R K Puram,28.5751601,77.1784867,13
18472663,New Delhi,R K Puram,28.5723659,77.1670746,13
18486866,New Delhi,R K Puram,28.5659833,77.1762403,13
18486869,New Delhi,R K Puram,28.5658333,77.1884619,13
18486845,New Delhi,R K Puram,28.5771926,77.1741183,13
18325509,New Delhi,R K Puram,28.5652799,77.167479,13
18352268,New Delhi,R K Puram,28.5659747,77.1761505,13
18289261,New Delhi,R K Puram,28.5629421,77.1791157,13
18352180,New Delhi,R K Puram,28.60913476,77.10044246,16
18469974,New Delhi,R K Puram,28.5726176,77.1668949,13
18489530,New Delhi,R K Puram,28.5652412,77.1675125,13
18425179,New Delhi,R K Puram,28.5735311,77.1736345,13
18461352,New Delhi,R K Puram,28.5635547,77.1785769,13
18352172,New Delhi,R K Puram,28.5735816,77.1735792,13
18486857,New Delhi,R K Puram,28.5768003,77.1740838,13
301227,New Delhi,R K Puram,28.5750668,77.1761056,13
7060,New Delhi,R K Puram,28.5778978,77.1752519,13
613,New Delhi,Race Course,28.5990816,77.2058916,17
3549,New Delhi,"Radisson Blu Plaza Delhi, Mahipalpur",28.5438001,77.1196172,14
302282,New Delhi,"Radisson Blu Plaza Delhi, Mahipalpur",28.5438287,77.1194083,14
3546,New Delhi,"Radisson Blu Plaza Delhi, Mahipalpur",28.5437105,77.1196172,14
302283,New Delhi,"Radisson Blu Plaza Delhi, Mahipalpur",28.5438215,77.1194194,14
3545,New Delhi,"Radisson Blu Plaza Delhi, Mahipalpur",28.5438174,77.119797,14
3547,New Delhi,"Radisson Blu Plaza Delhi, Mahipalpur",28.543907,77.119797,14
4490,New Delhi,"Radisson Blu, Paschim Vihar",28.6672628,77.090586,16
4488,New Delhi,"Radisson Blu, Paschim Vihar",28.6672586,77.090592,16
186,New Delhi,Rajendra Place,28.6426741,77.1771112,13
3124,New Delhi,Rajendra Place,28.644294,77.1766213,13
18057792,New Delhi,Rajendra Place,28.6446732,77.1784871,13
1641,New Delhi,Rajendra Place,28.643386,77.17779,13
18368023,New Delhi,Rajendra Place,28.6444387,77.1773576,13
18438896,New Delhi,Rajendra Place,28.643168,77.177472,13
18479008,New Delhi,Rajendra Place,28.643174,77.177473,13
7242,New Delhi,Rajinder Nagar,28.6417258,77.1855361,13
312920,New Delhi,Rajinder Nagar,28.6397455,77.1777131,13
308051,New Delhi,Rajinder Nagar,28.6360505,77.1843283,13
3135,New Delhi,Rajinder Nagar,28.6398635,77.1775468,13
693,New Delhi,Rajinder Nagar,28.638768,77.1793562,13
7399,New Delhi,Rajinder Nagar,28.6384592,77.1833586,13
18375392,New Delhi,Rajinder Nagar,28.6408817,77.1849206,13
5527,New Delhi,Rajinder Nagar,28.6383657,77.1802929,13
7407,New Delhi,Rajinder Nagar,28.64084722,77.18480556,13
18279476,New Delhi,Rajinder Nagar,28.6362195,77.1841987,13
18294260,New Delhi,Rajinder Nagar,28.6434531,77.1887382,13
7409,New Delhi,Rajinder Nagar,28.6409097,77.1849429,13
8912,New Delhi,Rajinder Nagar,28.6431648,77.18654,13
18224550,New Delhi,Rajinder Nagar,28.6376128,77.18191,13
18363093,New Delhi,Rajinder Nagar,28.643732,77.1778506,13
307511,New Delhi,Rajinder Nagar,28.6380274,77.1809053,13
18369767,New Delhi,Rajinder Nagar,28.6362165,77.1842572,13
17977795,New Delhi,Rajinder Nagar,28.632301,77.175828,13
18455210,New Delhi,Rajinder Nagar,28.63823106,77.18303673,13
313258,New Delhi,Rajinder Nagar,28.6380933,77.1804127,13
7452,New Delhi,Rajinder Nagar,28.6416685,77.1856029,13
7373,New Delhi,Rajinder Nagar,28.6380397,77.1809764,13
309445,New Delhi,Rajinder Nagar,28.6436486,77.1776202,13
18468651,New Delhi,Rajinder Nagar,28.637767,77.181651,13
8671,New Delhi,Rajinder Nagar,28.6382645,77.1802949,13
308049,New Delhi,Rajinder Nagar,28.6415127,77.1852251,13
307519,New Delhi,Rajinder Nagar,28.6415262,77.1851613,13
18034082,New Delhi,Rajinder Nagar,28.6361574,77.1843844,13
18237343,New Delhi,Rajinder Nagar,28.6361662,77.1843284,13
8658,New Delhi,Rajinder Nagar,28.640745,77.1846576,13
307702,New Delhi,Rajinder Nagar,28.6441954,77.1787112,13
300300,New Delhi,Rajinder Nagar,28.6374978,77.1819977,13
3131,New Delhi,Rajinder Nagar,28.6373291,77.1817642,13
18446480,New Delhi,Rajinder Nagar,28.64091673,77.18502257,13
311383,New Delhi,Rajinder Nagar,28.6389356,77.1788585,13
2751,New Delhi,Rajinder Nagar,28.6399016,77.1773147,13
18395392,New Delhi,Rajinder Nagar,28.6387701,77.1798317,13
306067,New Delhi,Rajinder Nagar,28.6358601,77.1851026,13
8688,New Delhi,Rajinder Nagar,28.6385828,77.1796308,13
7306,New Delhi,Rajinder Nagar,28.638266,77.1807286,13
18277238,New Delhi,Rajinder Nagar,28.6363021,77.1842643,13
18107869,New Delhi,Rajinder Nagar,28.6434584,77.1889084,13
7442,New Delhi,Rajinder Nagar,28.6406426,77.1849341,13
7448,New Delhi,Rajinder Nagar,28.6400561,77.1847405,13
307075,New Delhi,Rajinder Nagar,28.6406889,77.1849192,13
305392,New Delhi,Rajinder Nagar,28.6428784,77.1865864,13
18248991,New Delhi,Rajinder Nagar,28.6383225,77.1804107,13
18420444,New Delhi,Rajinder Nagar,28.6409495,77.18484,13
311787,New Delhi,Rajinder Nagar,28.6437563,77.1764955,13
8660,New Delhi,Rajinder Nagar,28.6383473,77.180053,13
18282048,New Delhi,Rajinder Nagar,28.6366196,77.1835142,13
8666,New Delhi,Rajinder Nagar,28.6392731,77.1822871,13
8667,New Delhi,Rajinder Nagar,28.6385698,77.1796612,13
7441,New Delhi,Rajinder Nagar,28.6402723,77.1848697,13
3132,New Delhi,Rajinder Nagar,28.6374266,77.1819781,13
7342,New Delhi,Rajinder Nagar,28.6443538,77.1787607,13
301242,New Delhi,Rajinder Nagar,28.6412916,77.1854718,13
18429387,New Delhi,Rajinder Nagar,28.6425064,77.1785489,13
18453448,New Delhi,Rajinder Nagar,28.64060998,77.18509823,13
18369771,New Delhi,Rajinder Nagar,28.6407597,77.1846194,13
309255,New Delhi,Rajinder Nagar,28.6407064,77.1846297,13
307278,New Delhi,Rajinder Nagar,28.6416652,77.1852191,13
311760,New Delhi,Rajinder Nagar,28.6421751,77.1859204,13
18443750,New Delhi,Rajinder Nagar,28.6409682,77.1854191,13
307700,New Delhi,Rajinder Nagar,28.6372098,77.1826464,13
18381646,New Delhi,Rajinder Nagar,28.6425402,77.1858395,13
308054,New Delhi,Rajinder Nagar,28.6415906,77.1856699,13
18427200,New Delhi,Rajinder Nagar,28.635268,77.178993,13
7427,New Delhi,Rajinder Nagar,28.6401823,77.1848343,13
18261149,New Delhi,Rajinder Nagar,28.6407532,77.1845831,13
18322646,New Delhi,Rajinder Nagar,28.6371834,77.1825191,13
310912,New Delhi,Rajinder Nagar,28.640178,77.1842868,13
18334635,New Delhi,Rajinder Nagar,28.6416314,77.1851848,13
18446486,New Delhi,Rajinder Nagar,28.640834,77.186603,13
7401,New Delhi,Rajinder Nagar,28.6392121,77.1836668,13
18237341,New Delhi,Rajinder Nagar,28.6371688,77.1825292,13
7428,New Delhi,Rajinder Nagar,28.63963084,77.18399361,13
18420467,New Delhi,Rajinder Nagar,28.6381693,77.1804858,13
18332869,New Delhi,Rajinder Nagar,28.6373909,77.1820929,13
18241878,New Delhi,Rajouri Garden,28.6389393,77.1202901,16
312959,New Delhi,Rajouri Garden,28.6394578,77.1153558,16
978,New Delhi,Rajouri Garden,28.6383943,77.1204612,16
306910,New Delhi,Rajouri Garden,28.6392175,77.1157942,16
307135,New Delhi,Rajouri Garden,28.6421004,77.1162715,16
18363209,New Delhi,Rajouri Garden,28.63090904,77.11567003,16
18454700,New Delhi,Rajouri Garden,28.64100677,77.12051611,16
308791,New Delhi,Rajouri Garden,28.6365982,77.1241664,16
312589,New Delhi,Rajouri Garden,28.6387744,77.1201458,16
977,New Delhi,Rajouri Garden,28.6387768,77.1200964,16
8649,New Delhi,Rajouri Garden,28.6387809,77.1205381,16
309435,New Delhi,Rajouri Garden,28.6390825,77.1202079,16
18371401,New Delhi,Rajouri Garden,28.64112418,77.12061569,16
307138,New Delhi,Rajouri Garden,28.6522668,77.1232695,16
18420427,New Delhi,Rajouri Garden,28.6392619,77.1200667,16
305082,New Delhi,Rajouri Garden,28.6475397,77.1192439,16
305086,New Delhi,Rajouri Garden,28.6382052,77.1205618,16
307541,New Delhi,Rajouri Garden,28.63938,77.1149915,16
18281968,New Delhi,Rajouri Garden,28.6395034,77.1203589,16
18375382,New Delhi,Rajouri Garden,28.63860359,77.12024923,16
2537,New Delhi,Rajouri Garden,28.6391596,77.1203142,16
311977,New Delhi,Rajouri Garden,28.650417,77.1200714,16
974,New Delhi,Rajouri Garden,28.6385502,77.1202126,16
4163,New Delhi,Rajouri Garden,28.6395812,77.1166967,16
305694,New Delhi,Rajouri Garden,28.6392925,77.1151872,16
2364,New Delhi,Rajouri Garden,28.6392045,77.1202369,16
305688,New Delhi,Rajouri Garden,28.6390357,77.1205029,16
18255603,New Delhi,Rajouri Garden,28.6391953,77.1202507,16
307548,New Delhi,Rajouri Garden,28.6406538,77.1199468,16
5932,New Delhi,Rajouri Garden,28.645158,77.1212876,16
300397,New Delhi,Rajouri Garden,28.6449256,77.1216877,16
969,New Delhi,Rajouri Garden,28.6389131,77.120204,16
303122,New Delhi,Rajouri Garden,28.6397089,77.117951,16
8652,New Delhi,Rajouri Garden,28.6388527,77.1200278,16
18420456,New Delhi,Rajouri Garden,28.647609,77.1192507,16
18445790,New Delhi,Rajouri Garden,28.6476272,77.1195466,16
313368,New Delhi,Rajouri Garden,28.647233,77.1195942,16
18037817,New Delhi,Rajouri Garden,28.6471325,77.1177015,16
304746,New Delhi,Rajouri Garden,28.647716,77.1200352,16
9458,New Delhi,Rajouri Garden,28.6417517,77.1227629,16
5878,New Delhi,Rajouri Garden,28.6456088,77.1209176,16
18384134,New Delhi,Rajouri Garden,28.6401722,77.1189181,16
3086,New Delhi,Rajouri Garden,28.6421069,77.1163756,16
497,New Delhi,Rajouri Garden,28.6485357,77.1227398,16
18461723,New Delhi,Rajouri Garden,28.6393819,77.11487744,16
18163908,New Delhi,Rajouri Garden,28.647193,77.1181073,16
18037816,New Delhi,Rajouri Garden,28.6476301,77.1198714,16
312482,New Delhi,Rajouri Garden,28.64799,77.1190895,16
18222577,New Delhi,Rajouri Garden,28.6476107,77.1193141,16
966,New Delhi,Rajouri Garden,28.6474348,77.1192322,16
217,New Delhi,Rajouri Garden,28.6471108,77.1186491,16
18245274,New Delhi,Rajouri Garden,28.6474008,77.1192922,16
5931,New Delhi,Rajouri Garden,28.646717,77.1210744,16
1158,New Delhi,Rajouri Garden,28.6480502,77.120075,16
309845,New Delhi,Rajouri Garden,28.6472138,77.1192573,16
18273540,New Delhi,Rajouri Garden,28.647538,77.1183445,16
310768,New Delhi,Rajouri Garden,28.6474559,77.1199541,16
18322658,New Delhi,Rajouri Garden,28.6431463,77.1225668,16
18228867,New Delhi,Rajouri Garden,28.6484888,77.1207867,16
18384149,New Delhi,Rajouri Garden,28.6485937,77.12107,16
18294265,New Delhi,Rajouri Garden,28.648007,77.1202741,16
188,New Delhi,Rajouri Garden,28.6499809,77.1207565,16
306014,New Delhi,Rajouri Garden,28.6421133,77.1173905,16
18281954,New Delhi,Rajouri Garden,28.6468913,77.1225291,16
306410,New Delhi,Rajouri Garden,28.6404889,77.12031,16
837,New Delhi,Rajouri Garden,28.6476603,77.1203644,16
18438452,New Delhi,Rajouri Garden,28.63859667,77.12046923,16
965,New Delhi,Rajouri Garden,28.6393673,77.1200955,16
310167,New Delhi,Rajouri Garden,28.6500509,77.1205059,16
17953943,New Delhi,Rajouri Garden,28.6462404,77.1173251,16
18241862,New Delhi,Rajouri Garden,28.6473261,77.1195347,16
18412880,New Delhi,Rajouri Garden,28.6473907,77.1199627,16
313071,New Delhi,Rajouri Garden,28.6454191,77.1209645,16
310395,New Delhi,Rajouri Garden,28.6476117,77.1199713,16
6195,New Delhi,Rajouri Garden,28.6474564,77.1200673,16
18311919,New Delhi,Rajouri Garden,28.6463616,77.1172443,16
3083,New Delhi,Rajouri Garden,28.6472442,77.1193284,16
307549,New Delhi,Rajouri Garden,28.6404695,77.1198933,16
7287,New Delhi,Rajouri Garden,28.6449319,77.1214101,16
306476,New Delhi,Rajouri Garden,28.6477737,77.1201223,16
18369780,New Delhi,Rajouri Garden,28.6470325,77.1193188,16
18412888,New Delhi,Rajouri Garden,28.6472676,77.1181539,16
304233,New Delhi,Rajouri Garden,28.6473667,77.1194794,16
18345778,New Delhi,Rajouri Garden,28.65081196,77.11999476,16
18430901,New Delhi,Rajouri Garden,28.6464612,77.1176775,16
18427236,New Delhi,Rajouri Garden,28.6461641,77.1172042,16
18441764,New Delhi,Rajouri Garden,28.6478609,77.1201029,16
312476,New Delhi,Rajouri Garden,28.6477927,77.1198335,16
18421044,New Delhi,Rajouri Garden,28.63957434,77.12252375,16
18252401,New Delhi,Rajouri Garden,28.6475147,77.1183726,16
3077,New Delhi,Rajouri Garden,28.6474974,77.1182068,16
300416,New Delhi,Rajouri Garden,28.6482991,77.1218081,16
18415387,New Delhi,Rajouri Garden,28.6475953,77.1199715,16
18322621,New Delhi,Rajouri Garden,28.647141,77.118653,16
18432011,New Delhi,Rajouri Garden,28.6473433,77.1165235,16
18254514,New Delhi,Rajouri Garden,28.6480613,77.1204429,16
18381259,New Delhi,Rajouri Garden,28.647321,77.117922,16
18454951,New Delhi,Rajouri Garden,28.64820949,77.11992847,16
300844,New Delhi,Rohini,28.7049801,77.1292361,15
3247,New Delhi,Rohini,28.7183841,77.1261797,15
6481,New Delhi,Rohini,28.7401249,77.1184642,-1
8771,New Delhi,Rohini,28.7039726,77.1252807,15
300862,New Delhi,Rohini,28.703903,77.1250975,15
4056,New Delhi,Rohini,28.697879,77.1159313,15
308212,New Delhi,Rohini,28.7181704,77.1258201,15
303595,New Delhi,Rohini,28.7341659,77.1320227,-1
7679,New Delhi,Rohini,28.7236979,77.1274382,15
8389,New Delhi,Rohini,28.7014084,77.1167854,15
9408,New Delhi,Rohini,28.7344604,77.1322924,-1
313336,New Delhi,Rohini,28.7007672,77.1171,15
6477,New Delhi,Rohini,28.7181329,77.1263595,15
191,New Delhi,Rohini,28.7010021,77.1167902,15
2000,New Delhi,Rohini,28.7183841,77.1261797,15
7137,New Delhi,Rohini,28.7128593,77.1264494,15
311711,New Delhi,Rohini,28.7178037,77.1257302,15
6308,New Delhi,Rohini,28.69976033,77.10445471,-1
5283,New Delhi,Rohini,28.736207,77.137416,-1
5313,New Delhi,Rohini,28.7086399,77.1244717,15
8915,New Delhi,Rohini,28.7344691,77.1142681,-1
309429,New Delhi,Rohini,28.7116118,77.1246515,15
3114,New Delhi,Rohini,28.7007412,77.1168303,15
3229,New Delhi,Rohini,28.7009376,77.1170101,15
18254676,New Delhi,Rohini,28.6981332,77.1148525,15
18365897,New Delhi,Rohini,28.7170039,77.1211455,15
9253,New Delhi,Rohini,28.7345078,77.1141532,-1
310459,New Delhi,Rohini,28.7022199,77.1191677,15
218,New Delhi,Rohini,28.7348098,77.1140883,-1
300841,New Delhi,Rohini,28.711312,77.1139361,15
302466,New Delhi,Rohini,28.7054593,77.1220495,15
309629,New Delhi,Rohini,28.7148351,77.1162909,15
18312438,New Delhi,Rohini,28.7151037,77.1162909,15
9348,New Delhi,Rohini,28.7167411,77.1137736,15
304928,New Delhi,Rohini,28.7126947,77.1182275,15
18273634,New Delhi,Rohini,28.7148351,77.1162909,15
18246132,New Delhi,Rohini,28.7114472,77.1243368,15
302302,New Delhi,Rohini,28.7313904,77.1097279,15
18355152,New Delhi,Rohini,28.7116727,77.1197071,15
308969,New Delhi,Rohini,28.7003942,77.1020856,-1
302344,New Delhi,Rohini,28.7239,77.1272135,15
307466,New Delhi,Rohini,28.717512,77.125955,15
3108,New Delhi,Rohini,28.7048624,77.1215051,15
309783,New Delhi,Rohini,28.71961666,77.06521701,-1
8883,New Delhi,Rohini,28.7086313,77.1243818,15
300966,New Delhi,Rohini,28.7023434,77.1165388,15
18408058,New Delhi,Rohini,28.71679,77.11235,15
301763,New Delhi,Rohini,28.7117653,77.1325217,15
18425766,New Delhi,"Roseate House, Aerocity",28.550802,77.120533,14
18382353,New Delhi,"Roseate House, Aerocity",28.550802,77.120533,14
18463962,New Delhi,"Roseate House, Aerocity",28.550802,77.120533,14
7310,New Delhi,Safdarjung,28.565381,77.198856,13
4336,New Delhi,Safdarjung,28.565358,77.199024,13
305517,New Delhi,Safdarjung,28.566074,77.199449,13
303289,New Delhi,Safdarjung,28.56198611,77.19249722,13
18334429,New Delhi,Safdarjung,28.5624946,77.19174787,13
309531,New Delhi,Safdarjung,28.567931,77.19453,13
8216,New Delhi,Safdarjung,28.56383056,77.19496111,13
18384121,New Delhi,Safdarjung,28.559151,77.195856,13
1775,New Delhi,Safdarjung,28.5654336,77.1991066,13
300258,New Delhi,Safdarjung,28.559014,77.19591,13
304107,New Delhi,Safdarjung,28.56540556,77.199075,13
18247034,New Delhi,Safdarjung,28.55951921,77.19691481,13
18357109,New Delhi,Safdarjung,28.56269484,77.19549257,13
309026,New Delhi,Safdarjung,28.56723889,77.19439722,13
18358685,New Delhi,Safdarjung,28.559828,77.198889,13
18219516,New Delhi,Safdarjung,28.55887489,77.19658758,13
304194,New Delhi,Safdarjung,28.56199193,77.19236042,13
300280,New Delhi,Safdarjung,28.5618126,77.19417427,13
9565,New Delhi,Safdarjung,28.56177343,77.19393991,13
18126972,New Delhi,Safdarjung,28.56174605,77.19224811,13
18285198,New Delhi,Safdarjung,28.56542249,77.1990636,13
7318,New Delhi,Safdarjung,28.56207497,77.20069136,13
305514,New Delhi,Safdarjung,28.55903832,77.19693661,13
4330,New Delhi,Safdarjung,28.558874,77.19629455,13
304186,New Delhi,Safdarjung,28.56062056,77.1989952,13
18219526,New Delhi,Safdarjung,28.56057904,77.19918799,13
18254549,New Delhi,Safdarjung,28.56034081,77.20056731,13
311570,New Delhi,Safdarjung,28.56265773,77.19475061,13
309804,New Delhi,Safdarjung,28.56201667,77.19366599,13
18144483,New Delhi,Safdarjung,28.56087734,77.19325863,13
309806,New Delhi,Safdarjung,28.56108333,77.19738889,13
305516,New Delhi,Safdarjung,28.572764,77.191948,13
311828,New Delhi,Safdarjung,28.56198369,77.19733089,13
310436,New Delhi,Safdarjung,28.56262917,77.19544631,13
5846,New Delhi,Safdarjung,28.56721546,77.19480157,13
309808,New Delhi,Safdarjung,28.561778,77.1941,13
18432849,New Delhi,Safdarjung,28.56178754,77.19396817,13
7322,New Delhi,Safdarjung,28.56164445,77.20070411,13
308219,New Delhi,Safdarjung,28.56573815,77.19585299,13
18138427,New Delhi,Safdarjung,28.56444427,77.19438482,13
18424971,New Delhi,Safdarjung,28.56069268,77.19857084,13
300281,New Delhi,Safdarjung,28.56172425,77.19402138,13
304187,New Delhi,Safdarjung,28.56092299,77.19378803,13
310942,New Delhi,Safdarjung,28.56171306,77.19603203,13
309475,New Delhi,Safdarjung,28.559765,77.19611,13
306870,New Delhi,Safdarjung,28.56729585,77.19439723,13
300283,New Delhi,Safdarjung,28.56078547,77.19365057,13
18337779,New Delhi,Safdarjung,28.5626823,77.19367238,13
307464,New Delhi,Safdarjung,28.56199134,77.19262462,13
1774,New Delhi,Safdarjung,28.5658584,77.1993312,13
7319,New Delhi,Safdarjung,28.5655974,77.19932243,13
3164,New Delhi,Safdarjung,28.5657345,77.1989719,13
18458306,New Delhi,Safdarjung,28.5598,77.192026,13
312130,New Delhi,Safdarjung,28.56102723,77.1938467,13
306581,New Delhi,Safdarjung,28.5590068,77.196097,13
18357527,New Delhi,Safdarjung,28.56274136,77.19541814,13
18337920,New Delhi,Safdarjung,28.56078871,77.19384637,13
18416859,New Delhi,Safdarjung,28.5604954,77.1990168,13
18393436,New Delhi,Safdarjung,28.56177812,77.19272362,13
18285734,New Delhi,Safdarjung,28.56144097,77.19272755,13
18334432,New Delhi,Safdarjung,28.56039293,77.19942939,13
18285204,New Delhi,Safdarjung,28.56153078,77.19289754,13
628,New Delhi,Safdarjung,28.5589086,77.1960071,13
18396054,New Delhi,Safdarjung,28.56608797,77.19869513,13
18237319,New Delhi,Safdarjung,28.55968176,77.19692755,13
17953911,New Delhi,Safdarjung,28.56098659,77.19302326,13
18456770,New Delhi,Safdarjung,28.560712,77.198835,13
1777,New Delhi,Safdarjung,28.5654017,77.1992414,13
18138443,New Delhi,Safdarjung,28.55952304,77.19702881,13
313269,New Delhi,Safdarjung,28.55933546,77.19572827,13
18428536,New Delhi,Sainik Farms,28.509106,77.201128,13
300231,New Delhi,Sainik Farms,28.5144262,77.2051326,13
300236,New Delhi,Sainik Farms,28.5203762,77.2030121,13
18303837,New Delhi,Sainik Farms,28.50820299,77.20037151,13
312827,New Delhi,Sainik Farms,28.50401631,77.19863344,13
302326,New Delhi,Sainik Farms,28.50790278,77.20018056,13
300235,New Delhi,Sainik Farms,28.507634,77.2000801,13
309192,New Delhi,Sainik Farms,28.5098832,77.2017569,13
2201,New Delhi,Sainik Farms,28.5180547,77.2142696,13
18355141,New Delhi,Sainik Farms,28.50556136,77.1987595,13
18408037,New Delhi,Sainik Farms,28.5086514,77.2008084,13
18489533,New Delhi,Sainik Farms,28.51673,77.2058841,13
18440160,New Delhi,Sainik Farms,28.507952,77.214375,-1
18354987,New Delhi,Sainik Farms,28.51453131,77.20467545,13
302314,New Delhi,Sainik Farms,28.50756389,77.20021944,13
18355145,New Delhi,Sainik Farms,28.50085983,77.19703753,13
18355137,New Delhi,Sainik Farms,28.5183803,77.2062486,13
18489523,New Delhi,Sainik Farms,28.5172873,77.206069,13
18408066,New Delhi,Sainik Farms,28.5099643,77.201667,13
18312586,New Delhi,Sainik Farms,28.5166527,77.2060692,13
302311,New Delhi,Sainik Farms,28.5082777,77.200568,13
18469965,New Delhi,Sainik Farms,28.535749,77.22319,13
18488864,New Delhi,Sainik Farms,28.51465649,77.20335054,13
18470757,New Delhi,Sainik Farms,28.5144607,77.2046316,13
18355143,New Delhi,Sainik Farms,28.50050685,77.19673578,13
18465571,New Delhi,Sainik Farms,28.51195551,77.22338664,-1
302318,New Delhi,Sainik Farms,28.50556607,77.1988564,13
18303708,New Delhi,Sainik Farms,28.51725461,77.19935864,13
18355147,New Delhi,Sainik Farms,28.51784764,77.19856001,13
18203159,New Delhi,Sainik Farms,28.5152144,77.205485,13
309152,New Delhi,Saket,28.5089203,77.2011051,13
309113,New Delhi,Saket,28.5276895,77.2192738,13
18398598,New Delhi,Saket,28.5130132,77.19878934,13
18303720,New Delhi,Saket,28.5182007,77.1989393,13
18303716,New Delhi,Saket,28.51536946,77.20559042,13
300221,New Delhi,Saket,28.51755481,77.1982405,13
18203177,New Delhi,Saket,28.5194377,77.2004093,13
308992,New Delhi,Saket,28.51901777,77.20637999,13
18368005,New Delhi,Saket,28.510419,77.202174,13
311517,New Delhi,Saket,28.51748381,77.1982187,13
18282049,New Delhi,Saket,28.51544458,77.20556729,13
308166,New Delhi,Saket,28.5201761,77.20329646,13
256,New Delhi,Saket,28.5233603,77.2076072,13
18348790,New Delhi,Saket,28.51688047,77.19903778,13
309874,New Delhi,Saket,28.51914091,77.21234288,13
7131,New Delhi,Saket,28.51435543,77.2046959,13
312032,New Delhi,Saket,28.52252897,77.20787968,13
311370,New Delhi,Saket,28.52875186,77.21950404,13
18233797,New Delhi,Saket,28.51467478,77.2031077,13
313311,New Delhi,Saket,28.524625,77.213402,13
3797,New Delhi,Saket,28.5280456,77.2168935,13
309893,New Delhi,Saket,28.52228093,77.20448703,13
4889,New Delhi,Saket,28.5280393,77.2172977,13
18373071,New Delhi,Saket,28.517316,77.199805,13
18238757,New Delhi,Saket,28.5203778,77.2028171,13
311326,New Delhi,Saket,28.5291378,77.2196556,13
18255154,New Delhi,Saket,28.52823136,77.21971795,13
18465802,New Delhi,Saket,28.51751975,77.19819423,13
18303815,New Delhi,Saket,28.50600419,77.19907064,13
18409190,New Delhi,Saket,28.51756924,77.19821937,13
18463563,New Delhi,Saket,28.50644908,77.20963016,13
311174,New Delhi,Saket,28.51470631,77.20538288,13
4726,New Delhi,Saket,28.52493186,77.2064665,13
18217023,New Delhi,Saket,28.5173033,77.200089,13
18279172,New Delhi,Saket,28.52780217,77.21681479,13
8621,New Delhi,Saket,28.5178209,77.1982094,13
18463567,New Delhi,"Sangam Courtyard, RK Puram",28.571902,77.1720619,13
18124378,New Delhi,"Sangam Courtyard, RK Puram",28.5722604,77.1720619,13
313061,New Delhi,"Sangam Courtyard, RK Puram",28.5724323,77.1738591,13
18126111,New Delhi,"Sangam Courtyard, RK Puram",28.571681,77.1734996,13
18053052,New Delhi,"Sangam Courtyard, RK Puram",28.5724323,77.1738591,13
18034053,New Delhi,"Sangam Courtyard, RK Puram",28.571681,77.1734996,13
18144458,New Delhi,"Sangam Courtyard, RK Puram",28.5724323,77.1738591,13
306801,New Delhi,Sarita Vihar,28.53354,77.300312,19
7815,New Delhi,Sarita Vihar,28.5353106,77.2919183,19
1461,New Delhi,Sarita Vihar,28.5336131,77.2868798,19
18339800,New Delhi,Sarita Vihar,28.5325576,77.2970357,19
309728,New Delhi,Sarita Vihar,28.5351351,77.2918036,19
308536,New Delhi,Sarita Vihar,28.5352265,77.2909739,19
18357533,New Delhi,Sarita Vihar,28.5351255,77.2917987,19
18424619,New Delhi,Sarita Vihar,28.5349496,77.2910441,19
7824,New Delhi,Sarita Vihar,28.5381337,77.2983439,19
18219530,New Delhi,Sarita Vihar,28.5400233,77.2821107,19
303057,New Delhi,Sarita Vihar,28.5318684,77.297525,19
307409,New Delhi,Sarita Vihar,28.5336327,77.2868353,19
7803,New Delhi,Sarita Vihar,28.5380821,77.2985617,19
18424883,New Delhi,Sarita Vihar,28.5335902,77.2998315,19
18357939,New Delhi,Sarita Vihar,28.5378528,77.2985607,19
18357941,New Delhi,Sarita Vihar,28.5335599,77.2991003,19
310198,New Delhi,Sarita Vihar,28.5375838,77.2961381,19
18390309,New Delhi,Sarita Vihar,28.5374192,77.2963255,19
18364414,New Delhi,Sarita Vihar,28.5388021,77.2853594,19
7905,New Delhi,Sarita Vihar,28.5325746,77.2972152,19
18357819,New Delhi,Sarita Vihar,28.532939,77.2921201,19
7818,New Delhi,Sarita Vihar,28.5384507,77.2985251,19
18357948,New Delhi,Sarita Vihar,28.532348,77.2976641,19
18357943,New Delhi,Sarita Vihar,28.5334587,77.2990585,19
18372279,New Delhi,Sarita Vihar,28.5293671,77.2884321,19
18384138,New Delhi,Sarojini Nagar,28.5694278,77.1936317,13
18211312,New Delhi,Sarojini Nagar,28.5697442,77.1940306,13
7591,New Delhi,Sarojini Nagar,28.5762852,77.1954232,13
1634,New Delhi,Sarojini Nagar,28.5761246,77.1957611,13
307618,New Delhi,Sarojini Nagar,28.5697323,77.1937667,13
306535,New Delhi,Sarojini Nagar,28.5697787,77.1940263,13
18396418,New Delhi,Sarojini Nagar,28.5696602,77.1939753,13
18357568,New Delhi,Sarojini Nagar,28.5699787,77.1936712,13
18425158,New Delhi,Sarojini Nagar,28.5695602,77.1930423,13
18425149,New Delhi,Sarojini Nagar,28.5797196,77.2012795,13
18489497,New Delhi,Sarojini Nagar,28.5698167,77.1938509,13
18486878,New Delhi,Sarojini Nagar,28.5694755,77.1935675,13
3464,New Delhi,Satyaniketan,28.5875672,77.1687579,13
18252361,New Delhi,Satyaniketan,28.5879735,77.1700401,13
18252412,New Delhi,Satyaniketan,28.5887026,77.1692313,13
1637,New Delhi,Satyaniketan,28.5876997,77.1690516,13
3463,New Delhi,Satyaniketan,28.5876911,77.1689617,13
18454499,New Delhi,Satyaniketan,28.588787,77.169099,13
609,New Delhi,Satyaniketan,28.5884398,77.1688269,13
18441687,New Delhi,Satyaniketan,28.5877965,77.1672543,13
305472,New Delhi,Satyaniketan,28.5884242,77.1688109,13
4649,New Delhi,Satyaniketan,28.587367,77.1693212,13
300267,New Delhi,Satyaniketan,28.5880814,77.1688269,13
304976,New Delhi,Satyaniketan,28.5878187,77.1684226,13
18423129,New Delhi,Satyaniketan,28.5883364,77.1683952,13
18157391,New Delhi,Satyaniketan,28.5888732,77.1691415,13
18292083,New Delhi,Satyaniketan,28.5880382,77.1683813,13
18356773,New Delhi,Satyaniketan,28.58770395,77.16901079,13
309811,New Delhi,Satyaniketan,28.5875051,77.1690325,13
18453788,New Delhi,Satyaniketan,28.5876001,77.1670746,13
18460981,New Delhi,Satyaniketan,28.58765741,77.16854351,13
18287389,New Delhi,Satyaniketan,28.5738064,77.1652844,13
1629,New Delhi,Satyaniketan,28.587529,77.1691415,13
18288761,New Delhi,Satyaniketan,28.5885208,77.1687371,13
7603,New Delhi,Satyaniketan,28.5875118,77.1689617,13
18204486,New Delhi,Satyaniketan,28.5879488,77.1683776,13
18423125,New Delhi,Satyaniketan,28.5887711,77.1692496,13
18175323,New Delhi,Satyaniketan,28.5887241,77.1691141,13
18237321,New Delhi,Satyaniketan,28.5876087,77.1671645,13
18336489,New Delhi,Satyaniketan,28.5885208,77.1687371,13
312772,New Delhi,Satyaniketan,28.5876339,77.1670164,13
351,New Delhi,Satyaniketan,28.5884054,77.1684675,13
309140,New Delhi,Satyaniketan,28.5879893,77.1683327,13
311854,New Delhi,Satyaniketan,28.5875169,77.1690522,13
18391128,New Delhi,Satyaniketan,28.5882925,77.1686921,13
18228894,New Delhi,Satyaniketan,28.5879205,77.1676138,13
18429392,New Delhi,Satyaniketan,28.5876897,77.1670746,13
18364239,New Delhi,Satyaniketan,28.59,77.17,13
300815,New Delhi,Satyaniketan,28.5879488,77.1683776,13
18322638,New Delhi,Satyaniketan,28.5879083,77.1684226,13
2215,New Delhi,Satyaniketan,28.5879033,77.1674341,13
304162,New Delhi,Satyaniketan,28.5880703,77.1682428,13
18157395,New Delhi,Satyaniketan,28.5881358,77.1678462,13
309865,New Delhi,Satyaniketan,28.5876001,77.1670746,13
18249109,New Delhi,Satyaniketan,28.5882542,77.1683478,13
18355138,New Delhi,Satyaniketan,28.58764742,77.16855716,13
300185,New Delhi,Satyaniketan,28.587529,77.1691415,13
300269,New Delhi,Satyaniketan,28.5885707,77.1688007,13
18398506,New Delhi,Satyaniketan,28.588887,77.1689183,13
313296,New Delhi,Satyaniketan,28.5888327,77.1691864,13
18372705,New Delhi,Satyaniketan,28.5877069,77.1672543,13
4278,New Delhi,Satyaniketan,28.5885208,77.1687371,13
18312446,New Delhi,Satyaniketan,28.5883121,77.1685561,13
18261701,New Delhi,Satyaniketan,28.5885957,77.1690516,13
18424602,New Delhi,Satyaniketan,28.5881341,77.1679732,13
18358164,New Delhi,Satyaniketan,28.5877069,77.1672543,13
18336204,New Delhi,Satyaniketan,28.5880523,77.1677396,13
18368002,New Delhi,Satyaniketan,28.5880592,77.1676587,13
18245295,New Delhi,Satyaniketan,28.5880101,77.1676138,13
18268693,New Delhi,Satyaniketan,28.5876911,77.1689617,13
18472609,New Delhi,Satyaniketan,28.5880191,77.1683519,13
300183,New Delhi,Satyaniketan,28.5881378,77.1679982,13
18216918,New Delhi,Satyaniketan,28.5884054,77.1684675,13
306503,New Delhi,Satyaniketan,28.5879119,77.1675239,13
18291230,New Delhi,Satyaniketan,28.5888327,77.1691864,13
18418239,New Delhi,Satyaniketan,28.5884459,77.1684226,13
18391458,New Delhi,Satyaniketan,28.5879999,77.1683221,13
18418358,New Delhi,Satyaniketan,28.5877879,77.1671645,13
18433610,New Delhi,Satyaniketan,28.5876664,77.1672993,13
18391320,New Delhi,Satyaniketan,28.59,77.17,13
18222586,New Delhi,Satyaniketan,28.5881169,77.1677935,13
18303832,New Delhi,Satyaniketan,28.5879033,77.1674341,13
18349916,New Delhi,Satyaniketan,28.58839226,77.16886461,13
18358675,New Delhi,Satyaniketan,28.5882237,77.1679732,13
312142,New Delhi,Satyaniketan,28.5871376,77.1706691,13
307571,New Delhi,Satyaniketan,28.5886682,77.1688719,13
311340,New Delhi,Satyaniketan,28.5877879,77.1671645,13
7849,New Delhi,SDA,28.5512397,77.1996828,13
304950,New Delhi,SDA,28.5465265,77.1968157,13
304633,New Delhi,SDA,28.5462204,77.1964548,13
5848,New Delhi,SDA,28.5466246,77.1968785,13
18133471,New Delhi,SDA,28.5464283,77.1967259,13
18312609,New Delhi,SDA,28.5463387,77.1967259,13
18336481,New Delhi,SDA,28.546723,77.1969954,13
18425760,New Delhi,SDA,28.5467864,77.1972261,13
18216936,New Delhi,SDA,28.5467635,77.1969505,13
528,New Delhi,SDA,28.5465078,77.1966218,13
18349937,New Delhi,SDA,28.5465265,77.1968157,13
782,New Delhi,SDA,28.5468937,77.1969056,13
312937,New Delhi,SDA,28.5465265,77.1968157,13
18375411,New Delhi,SDA,28.5465624,77.1957825,13
18279458,New Delhi,SDA,28.551193,77.1996906,13
18433987,New Delhi,"Sector 15, Dwarka",28.6707758,77.20319497,15
2228,New Delhi,"Select Citywalk Mall, Saket",28.52912861,77.21908394,13
1643,New Delhi,"Select Citywalk Mall, Saket",28.52857541,77.21942861,13
2910,New Delhi,"Select Citywalk Mall, Saket",28.528614,77.21819479,13
7364,New Delhi,"Select Citywalk Mall, Saket",28.5281463,77.2193637,13
18429148,New Delhi,"Select Citywalk Mall, Saket",28.52845641,77.21869837,13
506,New Delhi,"Select Citywalk Mall, Saket",28.52843667,77.21923247,13
311103,New Delhi,"Select Citywalk Mall, Saket",28.52869471,77.21932769,13
310916,New Delhi,"Select Citywalk Mall, Saket",28.52923878,77.21956339,13
306545,New Delhi,"Select Citywalk Mall, Saket",28.52911683,77.21951075,13
3921,New Delhi,"Select Citywalk Mall, Saket",28.52849352,77.21960329,13
311634,New Delhi,"Select Citywalk Mall, Saket",28.52845965,77.21866552,13
8877,New Delhi,"Select Citywalk Mall, Saket",28.52872505,77.21894782,13
311756,New Delhi,"Select Citywalk Mall, Saket",28.52923878,77.21956339,13
311563,New Delhi,"Select Citywalk Mall, Saket",28.52853329,77.21873961,13
9984,New Delhi,"Select Citywalk Mall, Saket",28.52862637,77.21905142,13
1372,New Delhi,"Select Citywalk Mall, Saket",28.5285945,77.2193637,13
9467,New Delhi,"Select Citywalk Mall, Saket",28.52866378,77.21935116,13
311440,New Delhi,"Select Citywalk Mall, Saket",28.52876718,77.21961837,13
18424903,New Delhi,"Select Citywalk Mall, Saket",28.52832061,77.21872788,13
311749,New Delhi,"Select Citywalk Mall, Saket",28.52941,77.2194535,13
18268720,New Delhi,"Select Citywalk Mall, Saket",28.52860163,77.21925493,13
4271,New Delhi,"Select Citywalk Mall, Saket",28.529136,77.219309,13
305833,New Delhi,"Select Citywalk Mall, Saket",28.5292155,77.21951913,13
307296,New Delhi,"Select Citywalk Mall, Saket",28.52869412,77.21938971,13
2786,New Delhi,"Select Citywalk Mall, Saket",28.52869471,77.21932769,13
302422,New Delhi,Shahdara,28.6894334,77.2730427,8
302418,New Delhi,Shahdara,28.684835,77.27560167,8
302416,New Delhi,Shahdara,28.689547,77.291919,8
18343904,New Delhi,Shahdara,28.6816566,77.2858644,8
302369,New Delhi,Shahdara,28.6778187,77.2833919,8
302425,New Delhi,Shahdara,28.6890869,77.2919252,8
302399,New Delhi,Shahdara,28.6771305,77.2849008,8
302396,New Delhi,Shahdara,28.6765638,77.2858595,8
6224,New Delhi,Shahdara,28.6786503,77.2882128,8
303906,New Delhi,Shahdara,28.6780127,77.28182551,8
18291454,New Delhi,Shahdara,28.6764855,77.2857063,8
302433,New Delhi,Shahdara,28.686874,77.2764747,8
312810,New Delhi,Shahdara,28.6895052,77.2866681,8
310563,New Delhi,Shahdara,28.6917695,77.2917395,8
6228,New Delhi,Shahdara,28.6776481,77.2886473,8
312671,New Delhi,Shahdara,28.7004755,77.2768369,8
18332676,New Delhi,Shahdara,28.677394,77.288283,8
18146396,New Delhi,Shahdara,28.6890835,77.2784798,8
18126077,New Delhi,Shahdara,28.67574,77.2904437,8
308906,New Delhi,Shahdara,28.6775448,77.2889304,8
302358,New Delhi,Shahdara,28.6760803,77.286891,8
302424,New Delhi,Shahdara,28.6822218,77.292231,8
302359,New Delhi,Shahdara,28.67692,77.2853657,8
6206,New Delhi,Shahdara,28.6777524,77.2887963,8
311371,New Delhi,Shahdara,28.6773618,77.2845496,8
18128853,New Delhi,Shahdara,28.70246031,77.27249913,8
307976,New Delhi,Shahdara,28.6823632,77.2864389,8
6252,New Delhi,Shahdara,28.6762995,77.2924322,8
18128862,New Delhi,Shahdara,28.7004582,77.2768961,8
307520,New Delhi,Shahdara,28.6894564,77.2877298,8
310689,New Delhi,Shahdara,28.66963974,77.29647975,8
308522,New Delhi,Shahdara,28.6785579,77.2882328,8
310807,New Delhi,Shahdara,28.6982532,77.2770165,8
302442,New Delhi,Shahdara,28.6903077,77.2918926,8
307986,New Delhi,Shahdara,28.66951648,77.29218956,8
6219,New Delhi,Shahdara,28.6762795,77.2903872,8
312773,New Delhi,Shahdara,28.6899779,77.2917395,8
308513,New Delhi,Shahdara,28.6922659,77.2919871,8
18378019,New Delhi,Shahdara,28.67656666,77.29011454,8
6218,New Delhi,Shahdara,28.6805966,77.286578,8
18428201,New Delhi,Shahdara,28.689352,77.2933868,8
18294229,New Delhi,Shahdara,28.66235639,77.28867251,8
18423878,New Delhi,Shahdara,28.7006707,77.2754038,8
308908,New Delhi,Shahdara,28.6784651,77.2882668,8
302436,New Delhi,Shahdara,28.6893273,77.2919639,8
18423867,New Delhi,Shahdara,28.6896366,77.291919,8
18423872,New Delhi,Shahdara,28.68933208,77.28979267,8
18435811,New Delhi,Shahdara,28.6874311,77.2919802,8
18332478,New Delhi,Shahdara,28.6899437,77.2744128,8
18423865,New Delhi,Shahdara,28.6895977,77.2919382,8
18377919,New Delhi,Shahdara,28.6825301,77.2849433,8
302411,New Delhi,Shahdara,28.6901576,77.2702013,8
18423869,New Delhi,Shahdara,28.689657,77.2917756,8
18224540,New Delhi,Shahdara,28.66869015,77.29282122,8
6230,New Delhi,Shahdara,28.6834297,77.283918,8
18377910,New Delhi,Shahdara,28.6999209,77.2720913,8
18128876,New Delhi,Shahdara,28.7003478,77.279261,8
307521,New Delhi,Shahdara,28.6822697,77.2850964,8
18284473,New Delhi,Shahdara,28.7085951,77.2450055,-1
18435311,New Delhi,Shahdara,28.677039,77.2718928,8
18291465,New Delhi,Shahdara,28.6908012,77.291919,8
18423140,New Delhi,Shahdara,28.6876451,77.2920013,8
18423122,New Delhi,Shahdara,28.7009935,77.2732231,8
18438426,New Delhi,Shahdara,28.6820472,77.2860319,8
18435320,New Delhi,Shahdara,28.6832105,77.2839919,8
18423859,New Delhi,Shahdara,28.6894359,77.2945223,8
18423857,New Delhi,Shahdara,28.6893847,77.2939837,8
18423876,New Delhi,Shahdara,28.7008442,77.27364969999999,8
302427,New Delhi,Shahdara,28.6895127,77.272707,8
18438433,New Delhi,Shahdara,28.7003224,77.2795276,8
18128872,New Delhi,Shahdara,28.7000322,77.2815952,8
18378042,New Delhi,Shahdara,28.6915855,77.2700134,8
18423863,New Delhi,Shahdara,28.689507,77.2923084,8
18378026,New Delhi,Shahdara,28.7005129,77.2769736,8
18378022,New Delhi,Shahdara,28.7003054,77.2781604,8
18288644,New Delhi,Shahdara,28.6766696,77.2858492,8
18423870,New Delhi,Shahdara,28.69022,77.2919462,8
18435823,New Delhi,Shahdara,28.6876577,77.2920323,8
18423861,New Delhi,Shahdara,28.68947,77.2948813,8
18435803,New Delhi,Shahdara,28.6774285,77.2846784,8
18377912,New Delhi,Shahdara,28.7002266,77.2722496,8
312268,New Delhi,Shahpur Jat,28.5487987,77.2159503,13
773,New Delhi,Shahpur Jat,28.5495159,77.2159503,13
305147,New Delhi,Shahpur Jat,28.5495222,77.2155461,13
18337924,New Delhi,Shahpur Jat,28.549033,77.2137046,13
18481305,New Delhi,Shahpur Jat,28.54853276,77.21100144,13
18180080,New Delhi,Shahpur Jat,28.548542,77.2132555,13
18306545,New Delhi,Shahpur Jat,28.5466046,77.2155012,13
303723,New Delhi,Shahpur Jat,28.5491821,77.212447,13
18222560,New Delhi,Shahpur Jat,28.548819,77.2114589,13
311483,New Delhi,Shahpur Jat,28.5492425,77.2149622,13
305640,New Delhi,Shahpur Jat,28.5477915,77.2166689,13
18282007,New Delhi,Shahpur Jat,28.5492461,77.2121775,13
301793,New Delhi,Shahpur Jat,28.5490654,77.2154563,13
18350234,New Delhi,Shahpur Jat,28.5496438,77.2154113,13
300969,New Delhi,Shahpur Jat,28.5497078,77.2151419,13
18161610,New Delhi,Shahpur Jat,28.5486312,77.2113691,13
310502,New Delhi,Shahpur Jat,28.5474113,77.2155012,13
18244555,New Delhi,Shahpur Jat,28.5490245,77.2136148,13
18466435,New Delhi,Shahpur Jat,28.5484222,77.2119979,13
18163906,New Delhi,Shahpur Jat,28.5492078,77.2127165,13
18421026,New Delhi,Shahpur Jat,28.5492447,77.2154563,13
18291469,New Delhi,Shahpur Jat,28.5492042,77.2155012,13
18322609,New Delhi,Shahpur Jat,28.5498307,77.2155653,13
307391,New Delhi,Shahpur Jat,28.5493235,77.2148724,13
18400746,New Delhi,Shahpur Jat,28.5491141,77.2136148,13
9417,New Delhi,Shahpur Jat,28.5493213,77.2143783,13
18303719,New Delhi,Shakarpur,28.6329647,77.282366,8
6107,New Delhi,Shakarpur,28.6328128,77.2823353,8
313139,New Delhi,Shakarpur,28.6297763,77.280107,8
309044,New Delhi,Shakarpur,28.6300045,77.2804814,8
18157406,New Delhi,Shakarpur,28.6275866,77.2789686,8
311196,New Delhi,Shakarpur,28.6263724,77.2800303,8
304965,New Delhi,Shakarpur,28.6279228,77.2783209,8
18438438,New Delhi,Shakarpur,28.6270083,77.2798705,8
18418252,New Delhi,Shakarpur,28.6328078,77.282282,8
18163895,New Delhi,Shakarpur,28.6329113,77.2813787,8
18438457,New Delhi,Shakarpur,28.6303968,77.2811812,8
300788,New Delhi,Shakarpur,28.6284726,77.2781757,8
18438448,New Delhi,Shakarpur,28.6269121,77.2791263,8
18441706,New Delhi,Shakarpur,28.6322406,77.2819954,8
9855,New Delhi,Shakarpur,28.6296634,77.2771666,8
18380146,New Delhi,Shakarpur,28.6300457,77.2806842,8
18409189,New Delhi,Shakarpur,28.6329214,77.2813547,8
18377880,New Delhi,Shakarpur,28.632852,77.2824532,8
18377888,New Delhi,Shakarpur,28.6334265,77.2828494,8
18438465,New Delhi,Shakarpur,28.6282443,77.2788374,8
18291209,New Delhi,Shakarpur,28.6307758,77.2774778,8
18441710,New Delhi,Shakarpur,28.6302107,77.2807813,8
18419917,New Delhi,Shakarpur,28.6288096,77.277587,8
18418243,New Delhi,Shakarpur,28.6316688,77.2816189,8
18441700,New Delhi,Shakarpur,28.6263812,77.280183,8
311189,New Delhi,Shakarpur,28.6268353,77.2773649,8
2055,New Delhi,Shalimar Bagh,28.710818,77.1601549,15
2383,New Delhi,Shalimar Bagh,28.7034431,77.1616827,15
304092,New Delhi,Shalimar Bagh,28.7061721,77.1695908,15
302471,New Delhi,Shalimar Bagh,28.7096099,77.1685573,15
6555,New Delhi,Shalimar Bagh,28.7035499,77.1618624,15
4716,New Delhi,Shalimar Bagh,28.706493,77.1626712,15
311364,New Delhi,Shalimar Bagh,28.7152991,77.1564702,15
313494,New Delhi,Shalimar Bagh,28.7067731,77.1685706,15
8628,New Delhi,Shalimar Bagh,28.7065551,77.162961,15
1501,New Delhi,Shalimar Bagh,28.704282,77.1587619,15
18383610,New Delhi,Shalimar Bagh,28.7066682,77.1683596,15
2053,New Delhi,Shalimar Bagh,28.7032861,77.1618118,15
311358,New Delhi,Shalimar Bagh,28.7064034,77.1626712,15
301487,New Delhi,Shalimar Bagh,28.70362,77.1619683,15
18288186,New Delhi,Shalimar Bagh,28.7065653,77.1624915,15
8670,New Delhi,Shalimar Bagh,28.7035586,77.1619523,15
18376510,New Delhi,Shalimar Bagh,28.7064599,77.1625853,15
302452,New Delhi,Shalimar Bagh,28.7030945,77.1620793,15
2049,New Delhi,Shalimar Bagh,28.7037668,77.1613232,15
304090,New Delhi,Shalimar Bagh,28.7195845,77.1586721,15
6561,New Delhi,Shalimar Bagh,28.7063745,77.1622851,15
6562,New Delhi,Shalimar Bagh,28.7057298,77.1559037,15
8672,New Delhi,Shalimar Bagh,28.7031367,77.1622219,15
18380175,New Delhi,Shalimar Bagh,28.7033536,77.1616827,15
301517,New Delhi,Shalimar Bagh,28.7152123,77.1569645,15
18222576,New Delhi,Shalimar Bagh,28.7085298,77.1615029,15
18455522,New Delhi,Shalimar Bagh,28.710793,77.16011,15
311168,New Delhi,Shalimar Bagh,28.7054506,77.161503,15
18357957,New Delhi,Shalimar Bagh,28.7082414,77.1673875,15
306751,New Delhi,Shalimar Bagh,28.717991,77.153498,15
18400759,New Delhi,Shalimar Bagh,28.7194459,77.1586271,15
8676,New Delhi,Shalimar Bagh,28.7072568,77.1551103,15
18442666,New Delhi,Shalimar Bagh,28.7063862,77.1624915,15
311115,New Delhi,Shalimar Bagh,28.7025908,77.162132,15
303128,New Delhi,Shalimar Bagh,28.7066464,77.1684675,15
18352278,New Delhi,Shalimar Bagh,28.7068565,77.1636597,15
2054,New Delhi,Shalimar Bagh,28.7063371,77.1624465,15
5271,New Delhi,Shalimar Bagh,28.7035499,77.1618624,15
9954,New Delhi,Shalimar Bagh,28.713419,77.1580581,15
313171,New Delhi,Shalimar Bagh,28.715237,77.156722,15
2047,New Delhi,Shalimar Bagh,28.7063371,77.1624465,15
301015,New Delhi,Shalimar Bagh,28.7058943,77.157369,15
300780,New Delhi,Shalimar Bagh,28.7109248,77.1603347,15
18361764,New Delhi,Shalimar Bagh,28.7036481,77.1619523,15
18446401,New Delhi,Shalimar Bagh,28.7096778,77.1549724,15
18312578,New Delhi,Shalimar Bagh,28.7090143,77.1698154,15
18153555,New Delhi,Shalimar Bagh,28.7084737,77.1668006,15
18416877,New Delhi,Shalimar Bagh,28.72818878,77.16699947,-1
18361770,New Delhi,Shalimar Bagh,28.7050194,77.15665,15
18426782,New Delhi,Shalimar Bagh,28.7147586,77.165004,15
18441688,New Delhi,Shalimar Bagh,28.7066721,77.1626712,15
18438429,New Delhi,Shalimar Bagh,28.7062157,77.1625814,15
18014115,New Delhi,Shalimar Bagh,28.7163553,77.1590765,15
18445788,New Delhi,Shalimar Bagh,28.7154009,77.1566379,15
18361757,New Delhi,Shalimar Bagh,28.7096363,77.1549886,15
18273597,New Delhi,Shalimar Bagh,28.6896301,77.1605144,15
301519,New Delhi,Shalimar Bagh,28.7196342,77.1585449,15
18445764,New Delhi,Shalimar Bagh,28.7062081,77.1628082,15
18446388,New Delhi,Shalimar Bagh,28.7094671,77.1551135,15
301507,New Delhi,Shalimar Bagh,28.7064285,77.16241,15
18261157,New Delhi,"Shangri La's - Eros hotel, Janpath",28.620766,77.2178366,13
18277024,New Delhi,"Shangri La's - Eros hotel, Janpath",28.6206678,77.2177468,13
18261160,New Delhi,"Shangri La's - Eros hotel, Janpath",28.6207574,77.2177468,13
18219539,New Delhi,"Shangri La's - Eros hotel, Janpath",28.620766,77.2178366,13
311369,New Delhi,"Shangri La's - Eros hotel, Janpath",28.6206188,77.2179096,13
308769,New Delhi,Shanti Niketan Marg,28.5770825,77.1686023,13
220,New Delhi,Shanti Niketan Marg,28.5771317,77.1684077,13
301675,New Delhi,Shastri Park,28.6597548,77.2667541,8
18144466,New Delhi,Sheikh Sarai,28.5222793,77.181974,13
2739,New Delhi,"Sheraton New Delhi Hotel, Saket",28.52678296,77.2159186,13
18133508,New Delhi,"Sheraton New Delhi Hotel, Saket",28.52678296,77.2159186,13
2741,New Delhi,"Sheraton New Delhi Hotel, Saket",28.527002,77.2153849,13
308386,New Delhi,South Extension 1,28.5694195,77.2204886,13
3170,New Delhi,South Extension 1,28.5691173,77.2203517,13
7760,New Delhi,South Extension 1,28.5695952,77.2197229,13
18425186,New Delhi,South Extension 1,28.5691333,77.2205016,13
311272,New Delhi,South Extension 1,28.5699028,77.2210703,13
310891,New Delhi,South Extension 1,28.5694375,77.2208907,13
9095,New Delhi,South Extension 1,28.5695952,77.2197229,13
305763,New Delhi,South Extension 1,28.5723805,77.221205,13
18175302,New Delhi,South Extension 1,28.5683377,77.2249885,13
18337762,New Delhi,South Extension 1,28.5759899,77.224753,13
18312639,New Delhi,South Extension 1,28.5732831,77.2208008,13
18337895,New Delhi,South Extension 1,28.5733106,77.2205516,13
307418,New Delhi,South Extension 1,28.5712648,77.2231362,13
3686,New Delhi,South Extension 2,28.56371164,77.22013604,13
18449626,New Delhi,South Extension 2,28.56350464,77.220457,13
7761,New Delhi,South Extension 2,28.568144,77.2195433,13
9842,New Delhi,South Extension 2,28.56415599,77.21960362,13
18254523,New Delhi,South Extension 2,28.5676697,77.2211739,13
312378,New Delhi,South Extension 2,28.56435417,77.21890088,13
18358171,New Delhi,South Extension 2,28.5676806,77.2208202,13
307474,New Delhi,South Extension 2,28.5681089,77.2198813,13
9083,New Delhi,South Extension 2,28.5642885,77.21914127,13
310705,New Delhi,South Extension 2,28.56432472,77.21891731,13
310701,New Delhi,South Extension 2,28.567969,77.2213698,13
306934,New Delhi,South Extension 2,28.5679395,77.2211601,13
305651,New Delhi,South Extension 2,28.56420752,77.21951243,13
9094,New Delhi,South Extension 2,28.56414863,77.219267,13
93,New Delhi,South Extension 2,28.5684277,77.2192289,13
9099,New Delhi,South Extension 2,28.56419015,77.21940279,13
18312618,New Delhi,South Extension 2,28.5679028,77.2212868,13
18146398,New Delhi,South Extension 2,28.5617,77.22041389,13
3298,New Delhi,South Extension 2,28.5689576,77.2193667,13
305684,New Delhi,South Extension 2,28.566755,77.219739,13
7759,New Delhi,South Extension 2,28.5677197,77.221205,13
302503,New Delhi,South Extension 2,28.5681269,77.2193637,13
677,New Delhi,South Extension 2,28.5675895,77.2212499,13
305826,New Delhi,South Extension 2,28.5680629,77.2196331,13
743,New Delhi,South Extension 2,28.5680075,77.2199924,13
2250,New Delhi,South Extension 2,28.567939,77.2192738,13
18352214,New Delhi,South Extension 2,28.5677962,77.2201272,13
192,New Delhi,South Extension 2,28.5684461,77.2191601,13
483,New Delhi,South Extension 2,28.5682336,77.2195433,13
1675,New Delhi,South Extension 2,28.56776639,77.21900079,13
18312616,New Delhi,South Extension 2,28.56402849,77.21940547,13
7793,New Delhi,South Extension 2,28.5680393,77.2213733,13
18427201,New Delhi,South Extension 2,28.56847,77.21986,13
1129,New Delhi,South Extension 2,28.5374478,77.2384497,13
18424170,New Delhi,South Extension 2,28.5642064,77.2191391,13
18306530,New Delhi,South Extension 2,28.5686642,77.2174773,13
18332063,New Delhi,South Extension 2,28.5684463,77.2174933,13
309852,New Delhi,"Southern Park Mall, Saket",28.5279802,77.2192708,13
18245284,New Delhi,"Southern Park Mall, Saket",28.52748139,77.21947454,13
310413,New Delhi,"Spark Mall, Kamla Nagar",28.68093208,77.20365521,15
18261739,New Delhi,"Spark Mall, Kamla Nagar",28.68096059,77.20388161,15
311068,New Delhi,"Spark Mall, Kamla Nagar",28.68088884,77.20394421,15
308175,New Delhi,"Spark Mall, Kamla Nagar",28.68091678,77.20384263,15
18276343,New Delhi,"Spark Mall, Kamla Nagar",28.68082913,77.20383894,15
4682,New Delhi,"Star City Mall, Mayur Vihar Phase 1",28.5929234,77.296194,8
6191,New Delhi,"Star City Mall, Mayur Vihar Phase 1",28.5925115,77.2961448,8
1275,New Delhi,"Star City Mall, Mayur Vihar Phase 1",28.5924186,77.2965607,8
2934,New Delhi,"Star City Mall, Mayur Vihar Phase 1",28.5934846,77.296653,8
308801,New Delhi,"Star City Mall, Mayur Vihar Phase 1",28.5925202,77.2963556,8
4854,New Delhi,"Star City Mall, Mayur Vihar Phase 1",28.5926711,77.2963154,8
306178,New Delhi,"Star City Mall, Mayur Vihar Phase 1",28.5925353,77.2963765,8
310538,New Delhi,Subhash Nagar,28.6344547,77.119028,16
305579,New Delhi,Subhash Nagar,28.6341298,77.1113233,16
17977785,New Delhi,Subhash Nagar,28.6370077,77.1217748,16
18037814,New Delhi,Subhash Nagar,28.6375856,77.1017824,16
18472638,New Delhi,Subhash Nagar,28.6362124,77.1184112,16
18168154,New Delhi,Subhash Nagar,28.6400959,77.1057254,16
18424579,New Delhi,Subhash Nagar,28.6359711,77.0998378,16
305552,New Delhi,Subhash Nagar,28.6341385,77.1132628,16
302004,New Delhi,Subhash Nagar,28.6370195,77.1209657,16
18272352,New Delhi,Subhash Nagar,28.637074,77.1200642,16
300560,New Delhi,Subhash Nagar,28.6372567,77.1049848,16
304453,New Delhi,Subhash Nagar,28.6398962,77.1077556,16
18025106,New Delhi,Subhash Nagar,28.6341779,77.1137736,16
301836,New Delhi,Subhash Nagar,28.6341756,77.1104921,16
306012,New Delhi,Subhash Nagar,28.6401715,77.1053224,16
312023,New Delhi,Subhash Nagar,28.6389889,77.1076479,16
18430898,New Delhi,Subhash Nagar,28.6372986,77.1126948,16
305570,New Delhi,Subhash Nagar,28.6341062,77.1111664,16
18447292,New Delhi,Subhash Nagar,28.6372884,77.1023553,16
18365986,New Delhi,Subhash Nagar,28.6341831,77.111493,16
18492045,New Delhi,Subhash Nagar,28.6380416,77.113421,16
18352176,New Delhi,Subhash Nagar,28.634166,77.10088,16
18451605,New Delhi,Subhash Nagar,28.6357662,77.1181788,16
18455549,New Delhi,Subhash Nagar,28.6340741,77.1126948,16
18455545,New Delhi,Subhash Nagar,28.6351694,77.1184103,16
18491264,New Delhi,Subhash Nagar,28.6368424,77.124247,16
18455547,New Delhi,Subhash Nagar,28.634274,77.1194054,16
18291456,New Delhi,Subhash Nagar,28.6407295,77.105132,16
310255,New Delhi,Subhash Nagar,28.634155,77.1126049,16
18366008,New Delhi,Subhash Nagar,28.6360349,77.1181788,16
18312627,New Delhi,Subhash Nagar,28.6342502,77.1135938,16
18492103,New Delhi,Subhash Nagar,28.6369833,77.1145378,16
18431145,New Delhi,Subhash Nagar,28.6392123,77.1055921,16
18430909,New Delhi,Subhash Nagar,28.640368,77.1055022,16
18198821,New Delhi,Subhash Nagar,28.636237,77.1183778,16
18430905,New Delhi,Subhash Nagar,28.6360338,77.1079298,16
18430907,New Delhi,Subhash Nagar,28.6350391,77.1090147,16
18451597,New Delhi,Subhash Nagar,28.637075,77.1212104,16
17989089,New Delhi,Subhash Nagar,28.6380035,77.1135039,16
18492057,New Delhi,Subhash Nagar,28.6398129,77.1055523,16
17989093,New Delhi,Subhash Nagar,28.637115,77.1205612,16
18429149,New Delhi,Subhash Nagar,28.6393914,77.1055921,16
18366006,New Delhi,Subhash Nagar,28.6368971,77.1122453,16
305567,New Delhi,Subhash Nagar,28.6386142,77.1077234,16
18455551,New Delhi,Subhash Nagar,28.6382092,77.1128304,16
18430902,New Delhi,Subhash Nagar,28.6361147,77.1078398,16
18365385,New Delhi,Subhash Nagar,28.6357398,77.1180859,16
586,New Delhi,Sunder Nagar,28.60252,77.2409086,13
3403,New Delhi,Sunder Nagar,28.6014758,77.241099,13
2902,New Delhi,Sunder Nagar,28.6023444,77.2406505,13
308628,New Delhi,Sunder Nagar,28.5992226,77.2426044,13
18466399,New Delhi,Sunder Nagar,28.601877,77.2415481,13
18157416,New Delhi,Sunder Nagar,28.6026409,77.241099,13
18264963,New Delhi,Sunder Nagar,28.6024702,77.2411888,13
18384123,New Delhi,"T3 Domestic Arrival, Aerocity",28.564288,77.120791,-1
308595,New Delhi,Tagore Garden,28.6421648,77.1063438,16
18251318,New Delhi,Tagore Garden,28.6461669,77.1127414,16
18303675,New Delhi,Tagore Garden,28.6491793,77.11142376,16
18245286,New Delhi,Tagore Garden,28.6510376,77.1137028,16
18414475,New Delhi,Tagore Garden,28.6463287,77.1120745,16
308814,New Delhi,Tagore Garden,28.6463908,77.1124028,16
308996,New Delhi,Tagore Garden,28.6535887,77.1146413,16
304583,New Delhi,Tagore Garden,28.6462371,77.1127855,16
308080,New Delhi,Tagore Garden,28.6452447,77.1147742,16
18372669,New Delhi,Tagore Garden,28.6498944,77.1125497,16
309305,New Delhi,Tagore Garden,28.6499476,77.1124296,16
18292457,New Delhi,Tagore Garden,28.6418012,77.1069062,16
973,New Delhi,Tagore Garden,28.6455653,77.1155932,16
18292469,New Delhi,Tagore Garden,28.6425185,77.1064052,16
18381626,New Delhi,Tagore Garden,28.6490845,77.1099433,16
18425157,New Delhi,Tagore Garden,28.6461869,77.116361,16
18365991,New Delhi,Tagore Garden,28.6463347,77.1120493,16
18355146,New Delhi,Tagore Garden,28.6461897,77.1163525,16
18454473,New Delhi,Tagore Garden,28.646011,77.11541,16
18432240,New Delhi,Tagore Garden,28.6463561,77.1120139,16
312027,New Delhi,Tagore Garden,28.6499613,77.1124055,16
18430872,New Delhi,Tagore Garden,28.6538763,77.1156171,16
18292478,New Delhi,Tagore Garden,28.6423312,77.1064709,16
18429417,New Delhi,Tagore Garden,28.6491173,77.1114205,16
18244564,New Delhi,Tagore Garden,28.6488107,77.1151402,16
304385,New Delhi,Tagore Garden,28.6524639,77.1120655,16
9517,New Delhi,Tagore Garden,28.6462079,77.1165705,16
7194,New Delhi,Tagore Garden,28.6525857,77.111955,16
18472448,New Delhi,Tagore Garden,28.6512755,77.1097172,16
18472599,New Delhi,Tagore Garden,28.6456969,77.1162324,16
18429644,New Delhi,Tagore Garden,28.6498255,77.1122065,16
7180,New Delhi,Tagore Garden,28.6518001,77.1123132,16
309006,New Delhi,Tagore Garden,28.6499138,77.1121665,16
18292480,New Delhi,Tagore Garden,28.641769,77.1068758,16
7187,New Delhi,Tagore Garden,28.6528574,77.1113549,16
301998,New Delhi,Tagore Garden,28.6422159,77.1065034,16
3239,New Delhi,"Taj Vivanta, Khan Market",28.6012192,77.2294337,13
301422,New Delhi,"Taj Vivanta, Khan Market",28.6011707,77.2294235,13
4404,New Delhi,"Taj Vivanta, Khan Market",28.6011707,77.2294235,13
300008,New Delhi,"TDI Mall, Rajouri Garden",28.6523425,77.1212744,16
18216903,New Delhi,"TDI Mall, Rajouri Garden",28.6507962,77.1206821,16
1079,New Delhi,"TDI Mall, Rajouri Garden",28.6507574,77.1207398,16
4375,New Delhi,"The Ashok, Chanakyapuri",28.596981,77.195866,17
3955,New Delhi,"The Ashok, Chanakyapuri",28.597062,77.195892,17
4376,New Delhi,"The Ashok, Chanakyapuri",28.5969975,77.1960071,17
1898,New Delhi,"The Ashok, Chanakyapuri",28.5966943,77.1956478,17
1900,New Delhi,"The Ashok, Chanakyapuri",28.5963125,77.1958724,17
306198,New Delhi,"The Ashok, Chanakyapuri",28.598181,77.1962398,17
18312443,New Delhi,"The Claridges, Aurangzeb Road",28.60016,77.2169361,13
2683,New Delhi,"The Claridges, Aurangzeb Road",28.6001706,77.2169659,13
2682,New Delhi,"The Claridges, Aurangzeb Road",28.6001728,77.2168724,13
2681,New Delhi,"The Claridges, Aurangzeb Road",28.6001953,77.2168963,13
2674,New Delhi,"The Claridges, Aurangzeb Road",28.6001694,77.2168839,13
2684,New Delhi,"The Claridges, Aurangzeb Road",28.6001541,77.2169297,13
2675,New Delhi,"The Claridges, Aurangzeb Road",28.6001767,77.2168927,13
3227,New Delhi,"The Grand New Delhi, Vasant Kunj",28.538993,77.15246,13
4840,New Delhi,"The Grand New Delhi, Vasant Kunj",28.538993,77.15246,13
2726,New Delhi,"The Imperial, Janpath",28.625443,77.218185,13
301523,New Delhi,"The Imperial, Janpath",28.625445,77.218187,13
2729,New Delhi,"The Imperial, Janpath",28.625445,77.218187,13
2724,New Delhi,"The Imperial, Janpath",28.625443,77.218185,13
2728,New Delhi,"The Imperial, Janpath",28.625445,77.218187,13
2730,New Delhi,"The Imperial, Janpath",28.625445,77.218187,13
2727,New Delhi,"The Imperial, Janpath",28.625445,77.218187,13
2731,New Delhi,"The Imperial, Janpath",28.625445,77.218187,13
2725,New Delhi,"The Imperial, Janpath",28.625445,77.218187,13
18237363,New Delhi,"The India Mall, New Friends Colony",28.56164003,77.26898376,13
18322518,New Delhi,"The India Mall, New Friends Colony",28.56161147,77.26894453,13
1023,New Delhi,"The India Mall, New Friends Colony",28.567481,77.269154,13
18277022,New Delhi,"The India Mall, New Friends Colony",28.56162678,77.26888552,13
18354650,New Delhi,"The India Mall, New Friends Colony",28.56179522,77.26885669,13
9671,New Delhi,"The India Mall, New Friends Colony",28.56165594,77.26870917,13
18424209,New Delhi,"The India Mall, New Friends Colony",28.5616595,77.2690978,13
149,New Delhi,"The India Mall, New Friends Colony",28.5614696,77.2685174,13
8842,New Delhi,"The Lalit New Delhi, Barakhamba Road",28.63110267,77.22762946,13
8817,New Delhi,"The Lalit New Delhi, Barakhamba Road",28.63113239,77.22762745,13
309110,New Delhi,"The Lalit New Delhi, Barakhamba Road",28.631407,77.227277,13
301524,New Delhi,"The Lalit New Delhi, Barakhamba Road",28.631407,77.227277,13
3910,New Delhi,"The Lalit New Delhi, Barakhamba Road",28.63148611,77.22756944,13
3027,New Delhi,"The Lalit New Delhi, Barakhamba Road",28.63120891,77.22764019,13
4907,New Delhi,"The Lalit New Delhi, Barakhamba Road",28.6317423,77.228133,13
104,New Delhi,"The Lalit New Delhi, Barakhamba Road",28.631407,77.227277,13
300688,New Delhi,The Leela Ambience Convention Hotel,28.66113333,77.30317778,8
300697,New Delhi,The Leela Ambience Convention Hotel,28.66113333,77.30317778,8
300696,New Delhi,The Leela Ambience Convention Hotel,28.66113333,77.30317778,8
300695,New Delhi,The Leela Ambience Convention Hotel,28.66113333,77.30317778,8
4917,New Delhi,"The Leela Palace, Chanakyapuri",28.5794095,77.1889269,13
4910,New Delhi,"The Leela Palace, Chanakyapuri",28.5793901,77.1889752,13
6812,New Delhi,"The Leela Palace, Chanakyapuri",28.5794009,77.1889651,13
4911,New Delhi,"The Leela Palace, Chanakyapuri",28.5802165,77.1885648,13
4915,New Delhi,"The Leela Palace, Chanakyapuri",28.5793611,77.1890039,13
310878,New Delhi,"The Lodhi, Lodhi Road",28.592135,77.238056,13
3283,New Delhi,"The Lodhi, Lodhi Road",28.5921591,77.238315,13
2768,New Delhi,"The Park, Connaught Place",28.62098574,77.21734352,13
2770,New Delhi,"The Park, Connaught Place",28.62098721,77.21736733,13
2769,New Delhi,"The Park, Connaught Place",28.628885,77.216002,13
3202,New Delhi,"The Suryaa New Delhi, New Friends Colony",28.56109444,77.26953889,13
4101,New Delhi,"The Suryaa New Delhi, New Friends Colony",28.56109444,77.26953889,13
312902,New Delhi,"The Suryaa New Delhi, New Friends Colony",28.561179,77.269656,13
5325,New Delhi,"The Suryaa New Delhi, New Friends Colony",28.561053,77.269618,13
4496,New Delhi,"The Taj Mahal Hotel, Mansingh Road",28.6051535,77.2241228,13
2688,New Delhi,"The Taj Mahal Hotel, Mansingh Road",28.6051689,77.2241405,13
2690,New Delhi,"The Taj Mahal Hotel, Mansingh Road",28.6051648,77.2241369,13
3948,New Delhi,"The Taj Mahal Hotel, Mansingh Road",28.60440165,77.22273611,13
2694,New Delhi,"The Taj Mahal Hotel, Mansingh Road",28.6052532,77.2243039,13
2689,New Delhi,"The Taj Mahal Hotel, Mansingh Road",28.6051487,77.2246182,13
2693,New Delhi,"The Taj Mahal Hotel, Mansingh Road",28.605189,77.2241401,13
18400770,New Delhi,"The Taj Palace Hotel, Chanakyapuri",28.5950782,77.1701408,13
18376469,New Delhi,"The Taj Palace Hotel, Chanakyapuri",28.5948008,77.1702198,13
2701,New Delhi,"The Taj Palace Hotel, Chanakyapuri",28.5950077,77.170087,13
2702,New Delhi,"The Taj Palace Hotel, Chanakyapuri",28.5945492,77.1703995,13
9709,New Delhi,"The Uppal, Aerocity",28.535183,77.101847,-1
312319,New Delhi,"The Uppal, Aerocity",28.535183,77.101847,-1
311858,New Delhi,"The Uppal, Aerocity",28.535183,77.101847,-1
131,New Delhi,"The Village Restaurant Complex, Khel Gaon Marg",28.5525438,77.2133902,13
313200,New Delhi,"The Village Restaurant Complex, Khel Gaon Marg",28.5523566,77.213191,13
18282047,New Delhi,"The Village Restaurant Complex, Khel Gaon Marg",28.55231,77.2129742,13
302136,New Delhi,Tilak Nagar,28.6350967,77.0919833,16
301767,New Delhi,Tilak Nagar,28.6419765,77.0994142,16
302103,New Delhi,Tilak Nagar,28.6389981,77.0862978,16
310273,New Delhi,Tilak Nagar,28.6384031,77.0968578,16
308868,New Delhi,Tilak Nagar,28.6380699,77.0965905,16
18372667,New Delhi,Tilak Nagar,28.636751,77.0954179,16
310728,New Delhi,Tilak Nagar,28.6354821,77.0868116,16
8564,New Delhi,Tilak Nagar,28.6374082,77.1016004,16
305486,New Delhi,Tilak Nagar,28.6487302,77.1033405,16
18485858,New Delhi,Tilak Nagar,28.64003986,77.09550753,16
18204802,New Delhi,Tilak Nagar,28.635043,77.0998394,16
310254,New Delhi,Tilak Nagar,28.6437138,77.1040206,16
310272,New Delhi,Tilak Nagar,28.6364554,77.0905901,16
302089,New Delhi,Tilak Nagar,28.6377331,77.0888609,16
18034071,New Delhi,Tilak Nagar,28.6375598,77.1050287,16
305785,New Delhi,Tilak Nagar,28.6371415,77.0962201,16
18268710,New Delhi,Tilak Nagar,28.6368398,77.0937942,16
308862,New Delhi,Tilak Nagar,28.6434771,77.097173,16
308863,New Delhi,Tilak Nagar,28.6374781,77.0972739,16
304319,New Delhi,Tilak Nagar,28.6407465,77.1004284,16
18198440,New Delhi,Tilak Nagar,28.6404001,77.095013,16
304161,New Delhi,Tilak Nagar,28.6448121,77.1006304,16
18037798,New Delhi,Tilak Nagar,28.637326,77.0966736,16
310279,New Delhi,Tilak Nagar,28.6378234,77.0889219,16
5964,New Delhi,Tilak Nagar,28.6361284,77.0973882,16
18241496,New Delhi,Tilak Nagar,28.6342673,77.098007,16
309695,New Delhi,Tilak Nagar,28.6409492,77.0925481,16
308905,New Delhi,Tilak Nagar,28.6376488,77.0934526,16
18312644,New Delhi,Tilak Nagar,28.6404463,77.0949112,16
305238,New Delhi,Tilak Nagar,28.6388684,77.086714,16
301917,New Delhi,Tilak Nagar,28.6489062,77.1031722,16
18372314,New Delhi,Tilak Nagar,28.6344618,77.0845916,16
313282,New Delhi,Tilak Nagar,28.6396056,77.0854345,16
18368025,New Delhi,Tilak Nagar,28.6449182,77.1002905,16
18089242,New Delhi,Tilak Nagar,28.63903,77.0863331,16
304160,New Delhi,Tilak Nagar,28.6481247,77.1034131,16
18037813,New Delhi,Tilak Nagar,28.636187,77.0971137,16
18368021,New Delhi,Tilak Nagar,28.6468527,77.0962302,16
313137,New Delhi,Tilak Nagar,28.6367945,77.0959301,16
305866,New Delhi,Tilak Nagar,28.6361765,77.0971707,16
18431191,New Delhi,Tilak Nagar,28.6491405,77.1029417,16
18037792,New Delhi,Tilak Nagar,28.6391088,77.0864035,16
18356794,New Delhi,Tilak Nagar,28.6445351,77.1014529,16
312040,New Delhi,Tilak Nagar,28.6448699,77.0998064,16
18187733,New Delhi,Tilak Nagar,28.644093,77.102513,16
5961,New Delhi,Tilak Nagar,28.6361148,77.0973474,16
18431176,New Delhi,Tilak Nagar,28.6371756,77.0964562,16
18037796,New Delhi,Tilak Nagar,28.6450932,77.0995462,16
312853,New Delhi,Tilak Nagar,28.6380338,77.0966816,16
18469949,New Delhi,Tilak Nagar,28.6370036,77.0954687,16
18203187,New Delhi,Tilak Nagar,28.6343667,77.084917,16
308900,New Delhi,Tilak Nagar,28.6377065,77.0934222,16
18430577,New Delhi,Tilak Nagar,28.6366697,77.0933859,16
310286,New Delhi,Tilak Nagar,28.6490554,77.1031681,16
18246984,New Delhi,Tilak Nagar,28.6356249,77.0846233,16
312041,New Delhi,Tilak Nagar,28.6437348,77.1039501,16
18429180,New Delhi,Tilak Nagar,28.6420481,77.0918112,16
304730,New Delhi,Trilokpuri,28.59807667,77.31334833,8
5438,New Delhi,Tughlakabad Institutional Area,28.52351906,77.25662515,13
3383,New Delhi,Uday Park,28.5607572,77.2182605,13
4450,New Delhi,Uday Park,28.56074218,77.21790746,13
18254521,New Delhi,Uday Park,28.56028103,77.21807376,13
18352678,New Delhi,"Unity One Mall, Janakpuri",28.6291105,77.076886,16
18263236,New Delhi,"Unity One Mall, Janakpuri",28.6288818,77.0760342,16
18277230,New Delhi,"Unity One Mall, Janakpuri",28.6287601,77.0764473,16
18350231,New Delhi,"Unity One Mall, Janakpuri",28.6290915,77.0770547,16
18380171,New Delhi,"Unity One Mall, Janakpuri",28.629097,77.075439,16
18306543,New Delhi,Uttam Nagar,28.6191075,77.0334663,16
7297,New Delhi,Uttam Nagar,28.6203298,77.0409828,16
5774,New Delhi,Uttam Nagar,28.6194,77.032612,16
312172,New Delhi,Uttam Nagar,28.6193541,77.0676143,16
18168165,New Delhi,Uttam Nagar,28.6180649,77.0723362,16
18449824,New Delhi,Uttam Nagar,28.6190995,77.0336428,16
5413,New Delhi,Uttam Nagar,28.6216032,77.0675373,16
18285208,New Delhi,Uttam Nagar,28.6104281,77.0680939,16
306185,New Delhi,Uttam Nagar,28.619233,77.0590998,16
312073,New Delhi,Uttam Nagar,28.6222421,77.0571866,16
312054,New Delhi,Uttam Nagar,28.6200086,77.0448877,16
301912,New Delhi,Uttam Nagar,28.6213725,77.0390888,16
18372661,New Delhi,Uttam Nagar,28.6200658,77.0621578,16
5499,New Delhi,Uttam Nagar,28.6209487,77.0599921,16
302005,New Delhi,Uttam Nagar,28.6229612,77.0643164,16
306179,New Delhi,Uttam Nagar,28.6210909,77.0391009,16
302057,New Delhi,Uttam Nagar,28.6205109,77.0630573,16
302729,New Delhi,Uttam Nagar,28.6193756,77.0309438,16
313067,New Delhi,Uttam Nagar,28.6217969,77.0411281,16
18133491,New Delhi,Uttam Nagar,28.6228245,77.0605838,16
18204464,New Delhi,Uttam Nagar,28.6236426,77.0627386,16
5412,New Delhi,Uttam Nagar,28.6197461,77.0671945,16
18358654,New Delhi,Uttam Nagar,28.6203826,77.0580204,16
309167,New Delhi,Uttam Nagar,28.6185458,77.0612584,16
301903,New Delhi,Uttam Nagar,28.6192376,77.0322933,16
302757,New Delhi,Uttam Nagar,28.6218904,77.0569411,16
310625,New Delhi,Uttam Nagar,28.6275118,77.0391304,16
312171,New Delhi,Uttam Nagar,28.6036473,77.0563114,-1
9209,New Delhi,Uttam Nagar,28.6191566,77.0306405,16
18291240,New Delhi,Uttam Nagar,28.6196925,77.0347129,16
307946,New Delhi,Uttam Nagar,28.6211282,77.0391763,16
18203182,New Delhi,Uttam Nagar,28.6188173,77.0332316,16
302047,New Delhi,Uttam Nagar,28.621959,77.0569043,16
307140,New Delhi,Uttam Nagar,28.620035,77.0386806,16
302835,New Delhi,Uttam Nagar,28.6217187,77.063507,16
9108,New Delhi,Uttam Nagar,28.6187806,77.0302045,16
9116,New Delhi,Uttam Nagar,28.6191434,77.0324848,16
18401212,New Delhi,Uttam Nagar,28.6205123,77.0715259,16
18331594,New Delhi,Uttam Nagar,28.6267145,77.0392204,16
18381265,New Delhi,Uttam Nagar,28.6199415,77.0617981,16
18312449,New Delhi,Uttam Nagar,28.6230789,77.0608986,16
18372672,New Delhi,Uttam Nagar,28.6242121,77.0638218,16
18363058,New Delhi,Uttam Nagar,28.6194036,77.0346005,16
310581,New Delhi,Uttam Nagar,28.6179737,77.0608986,16
301914,New Delhi,Uttam Nagar,28.6199262,77.037568,16
5470,New Delhi,Uttam Nagar,28.6224126,77.0583229,16
18358206,New Delhi,Uttam Nagar,28.6189874,77.0582581,16
17989106,New Delhi,Uttam Nagar,28.6173544,77.0331929,16
18419501,New Delhi,Uttam Nagar,28.6296412,77.0398501,16
307950,New Delhi,Uttam Nagar,28.6093206,77.0641627,16
18354634,New Delhi,Uttam Nagar,28.6183226,77.0580204,16
306180,New Delhi,Uttam Nagar,28.6226053,77.0599045,16
301907,New Delhi,Uttam Nagar,28.6209825,77.0392018,16
18358165,New Delhi,Uttam Nagar,28.6206339,77.0485758,16
18372666,New Delhi,Uttam Nagar,28.6211626,77.0608752,16
18499450,New Delhi,Uttam Nagar,28.622119,77.056812,16
18500618,New Delhi,Uttam Nagar,28.6218839,77.0570523,16
18014109,New Delhi,Uttam Nagar,28.6231917,77.0611463,16
8257,New Delhi,"V3S Mall, Laxmi Nagar",28.6373178,77.2869436,8
18291214,New Delhi,"V3S Mall, Laxmi Nagar",28.6367704,77.2862874,8
1547,New Delhi,"V3S Mall, Laxmi Nagar",28.6370319,77.2861149,8
18219520,New Delhi,"V3S Mall, Laxmi Nagar",28.6367821,77.2862468,8
18378036,New Delhi,"V3S Mall, Laxmi Nagar",28.6368753,77.2862407,8
18311958,New Delhi,"V3S Mall, Laxmi Nagar",28.6368388,77.2863589,8
8979,New Delhi,"V3S Mall, Laxmi Nagar",28.6367067,77.2859303,8
8215,New Delhi,"V3S Mall, Laxmi Nagar",28.6369816,77.2870265,8
2009,New Delhi,"V3S Mall, Laxmi Nagar",28.637003,77.2854132,8
6042,New Delhi,"V3S Mall, Laxmi Nagar",28.6368424,77.2863408,8
308816,New Delhi,"V3S Mall, Laxmi Nagar",28.6369816,77.2870265,8
308785,New Delhi,"V3S Mall, Laxmi Nagar",28.6369716,77.2860199,8
309769,New Delhi,"V3S Mall, Laxmi Nagar",28.6367759,77.286309,8
3779,New Delhi,"V3S Mall, Laxmi Nagar",28.6371001,77.2862019,8
6127,New Delhi,"V3S Mall, Laxmi Nagar",28.6370146,77.2860211,8
4982,New Delhi,"V3S Mall, Laxmi Nagar",28.6369816,77.2870265,8
4677,New Delhi,"V3S Mall, Laxmi Nagar",28.6369762,77.2860812,8
8265,New Delhi,"V3S Mall, Laxmi Nagar",28.6367012,77.2867383,8
312352,New Delhi,"V3S Mall, Laxmi Nagar",28.6370758,77.2861742,8
18285699,New Delhi,"V3S Mall, Laxmi Nagar",28.636911,77.2867839,8
304987,New Delhi,"V3S Mall, Laxmi Nagar",28.6367213,77.2861642,8
305386,New Delhi,"V3S Mall, Laxmi Nagar",28.6368649,77.2862848,8
474,New Delhi,"V3S Mall, Laxmi Nagar",28.6370362,77.2861107,8
252,New Delhi,"V3S Mall, Laxmi Nagar",28.637001,77.286103,8
5851,New Delhi,"V3S Mall, Laxmi Nagar",28.6369891,77.2857573,8
404,New Delhi,"V3S Mall, Laxmi Nagar",28.6367037,77.2860344,8
3072,New Delhi,Vasant Kunj,28.5232091,77.1573156,13
234,New Delhi,Vasant Kunj,28.531431,77.1538018,13
308,New Delhi,Vasant Kunj,28.5251312,77.155416,13
311305,New Delhi,Vasant Kunj,28.5207314,77.1655919,13
1509,New Delhi,Vasant Kunj,28.5312664,77.1538189,13
18089255,New Delhi,Vasant Kunj,28.5183003,77.1584474,13
18369756,New Delhi,Vasant Kunj,28.52331992,77.16529693,13
18416856,New Delhi,Vasant Kunj,28.522112,77.168407,13
306554,New Delhi,Vasant Kunj,28.5194758,77.1710434,13
18287390,New Delhi,Vasant Kunj,28.51901836,77.16119282,13
1060,New Delhi,Vasant Kunj,28.519173,77.1611802,13
306859,New Delhi,Vasant Kunj,28.5313867,77.153852,13
308621,New Delhi,Vasant Kunj,28.5336506,77.1517362,13
18218321,New Delhi,Vasant Kunj,28.5191138,77.1611509,13
18337788,New Delhi,Vasant Kunj,28.514649,77.165415,13
2778,New Delhi,Vasant Kunj,28.5367732,77.1482216,13
18292485,New Delhi,Vasant Kunj,28.5254999,77.1357431,-1
18423898,New Delhi,Vasant Kunj,28.5291446,77.1553898,13
308246,New Delhi,Vasant Kunj,28.519062,77.1619331,13
18264997,New Delhi,Vasant Kunj,28.51428649,77.16498211,13
18144479,New Delhi,Vasant Kunj,28.5332879,77.1520605,13
18431179,New Delhi,Vasant Kunj,28.519511,77.166526,13
307032,New Delhi,"Vasant Square Mall, Vasant Kunj",28.5250993,77.156659,13
305243,New Delhi,"Vasant Square Mall, Vasant Kunj",28.5251629,77.1566714,13
9177,New Delhi,"Vasant Square Mall, Vasant Kunj",28.524981,77.1566476,13
308697,New Delhi,"Vasant Square Mall, Vasant Kunj",28.5248609,77.1564626,13
3507,New Delhi,"Vasant Square Mall, Vasant Kunj",28.5250677,77.1561628,13
18350121,New Delhi,"Vasant Square Mall, Vasant Kunj",28.5251478,77.1569671,13
311345,New Delhi,"Vasant Square Mall, Vasant Kunj",28.52506,77.1566644,13
1492,New Delhi,"Vasant Square Mall, Vasant Kunj",28.5251233,77.1561251,13
310169,New Delhi,"Vasant Square Mall, Vasant Kunj",28.5249865,77.1566556,13
312535,New Delhi,Vasant Vihar,28.56104814,77.15988658,13
535,New Delhi,Vasant Vihar,28.55705291,77.16407988,13
304281,New Delhi,Vasant Vihar,28.56517455,77.16369264,13
7392,New Delhi,Vasant Vihar,28.56100556,77.15966111,13
2122,New Delhi,Vasant Vihar,28.55793018,77.16423243,13
302438,New Delhi,Vasant Vihar,28.56141389,77.15538889,13
309789,New Delhi,Vasant Vihar,28.571381,77.1624016,13
313412,New Delhi,Vasant Vihar,28.55900888,77.16369834,13
7360,New Delhi,Vasant Vihar,28.561011,77.159666,13
4317,New Delhi,Vasant Vihar,28.55760213,77.16311596,13
2124,New Delhi,Vasant Vihar,28.5677118,77.1583987,13
2204,New Delhi,Vasant Vihar,28.56157466,77.15505794,13
305403,New Delhi,Vasant Vihar,28.55818056,77.15976667,13
775,New Delhi,Vasant Vihar,28.55888991,77.17082061,13
18247024,New Delhi,Vasant Vihar,28.557864,77.164272,13
303244,New Delhi,Vasant Vihar,28.55788513,77.16321856,13
300262,New Delhi,Vasant Vihar,28.55761667,77.16419167,13
18458332,New Delhi,Vasant Vihar,28.52951508,77.15067118,13
7391,New Delhi,Vasant Vihar,28.557223,77.164368,13
18198434,New Delhi,Vasant Vihar,28.56139062,77.15496004,13
18371408,New Delhi,Vasant Vihar,28.572131,77.161681,13
308007,New Delhi,Vasant Vihar,28.56151959,77.15516992,13
18227685,New Delhi,Vasant Vihar,28.55747579,77.16367822,13
18312585,New Delhi,Vasant Vihar,28.55736507,77.16442622,13
18358669,New Delhi,Vasant Vihar,28.55747844,77.16460492,13
18279461,New Delhi,Vasant Vihar,28.55748345,77.16341134,13
18463329,New Delhi,Vasant Vihar,28.55870848,77.16429355,13
18277185,New Delhi,Vasant Vihar,28.56118272,77.15520881,13
18358667,New Delhi,Vasant Vihar,28.55775173,77.16458414,13
18440933,New Delhi,Vasant Vihar,28.55811,77.16454,13
18289247,New Delhi,Vasant Vihar,28.559058,77.16411,13
8530,New Delhi,Vasundhara Enclave,28.5997151,77.317668,8
8501,New Delhi,Vasundhara Enclave,28.5997276,77.3175176,8
8520,New Delhi,Vasundhara Enclave,28.6001,77.3176784,8
311184,New Delhi,Vasundhara Enclave,28.5892967,77.3062099,8
18217007,New Delhi,Vasundhara Enclave,28.59103534,77.30796732,8
18342098,New Delhi,Vasundhara Enclave,28.59154464,77.30650049,8
311231,New Delhi,Vasundhara Enclave,28.5891084,77.3021052,8
310876,New Delhi,Vasundhara Enclave,28.58950538,77.30853528,8
18265408,New Delhi,Vasundhara Enclave,28.6002622,77.3205872,8
312517,New Delhi,Vasundhara Enclave,28.60043838,77.32028972,8
312783,New Delhi,Vasundhara Enclave,28.5891093,77.3040391,8
307920,New Delhi,Vasundhara Enclave,28.6013457,77.3164521,8
311253,New Delhi,Vasundhara Enclave,28.601793,77.3145157,8
307290,New Delhi,Vasundhara Enclave,28.6000397,77.3203951,8
8532,New Delhi,Vasundhara Enclave,28.6011417,77.3226158,8
18323036,New Delhi,Vasundhara Enclave,28.59819588,77.31136166,8
18325165,New Delhi,Vasundhara Enclave,28.59087872,77.30725687,8
311248,New Delhi,Vasundhara Enclave,28.5908127,77.3071359,8
18420697,New Delhi,Vasundhara Enclave,28.6017649,77.3143328,8
18424648,New Delhi,Vasundhara Enclave,28.59080159,77.30720289,8
18376497,New Delhi,Vasundhara Enclave,28.5901234,77.3078976,8
18377898,New Delhi,Vasundhara Enclave,28.5914444,77.3066274,8
18423889,New Delhi,Vasundhara Enclave,28.5891961,77.3062381,8
18424638,New Delhi,Vasundhara Enclave,28.5908336,77.3074392,8
18424661,New Delhi,Vasundhara Enclave,28.601005,77.3159908,8
18375390,New Delhi,Vasundhara Enclave,28.5923035,77.3057921,8
18377902,New Delhi,Vasundhara Enclave,28.6021139,77.312519,8
18430246,New Delhi,Vasundhara Enclave,28.59794885,77.3097342,8
18336496,New Delhi,Vasundhara Enclave,28.600942,77.315899,8
18424202,New Delhi,Vasundhara Enclave,28.5893763,77.3085095,8
18377909,New Delhi,Vasundhara Enclave,28.6013619,77.3222402,8
18390095,New Delhi,Vasundhara Enclave,28.6002914,77.3206228,8
18419424,New Delhi,Vasundhara Enclave,28.5915558,77.30728882,8
18377900,New Delhi,Vasundhara Enclave,28.59133326,77.30676837,8
18424582,New Delhi,Vasundhara Enclave,28.60012224,77.32050229,8
18424654,New Delhi,Vasundhara Enclave,28.5900965,77.3067747,8
18424650,New Delhi,Vasundhara Enclave,28.5908905,77.3071878,8
18423118,New Delhi,Vasundhara Enclave,28.5890838,77.30620712,8
18251459,New Delhi,Vasundhara Enclave,28.59744877,77.31154975,8
18424208,New Delhi,Vasundhara Enclave,28.58980772,77.30837971,8
18424656,New Delhi,Vasundhara Enclave,28.5914473,77.3065745,8
18375387,New Delhi,Vasundhara Enclave,28.5923018,77.305843,8
18424200,New Delhi,Vasundhara Enclave,28.5897432,77.3080751,8
18377895,New Delhi,Vasundhara Enclave,28.5891562,77.3033247,8
300961,New Delhi,Vasundhara Enclave,28.6000138,77.3174634,8
18424640,New Delhi,Vasundhara Enclave,28.59086665,77.30764378,8
18424584,New Delhi,Vasundhara Enclave,28.6014833,77.3224363,8
18424188,New Delhi,Vasundhara Enclave,28.5890367,77.30622523,8
18372694,New Delhi,Vasundhara Enclave,28.59118048,77.3068428,8
18371398,New Delhi,Vasundhara Enclave,28.5899346,77.3078541,8
18409206,New Delhi,Vasundhara Enclave,28.583353,77.304436,8
18424192,New Delhi,Vasundhara Enclave,28.58927604,77.3080954,8
18322647,New Delhi,Vijay Nagar,28.6928867,77.2010382,15
6654,New Delhi,Vijay Nagar,28.6895227,77.2023857,15
300941,New Delhi,Vijay Nagar,28.6921294,77.197804,15
18263693,New Delhi,Vijay Nagar,28.6928555,77.1965012,15
18245248,New Delhi,Vijay Nagar,28.6916414,77.201128,15
305275,New Delhi,Vijay Nagar,28.6899018,77.201667,15
18337490,New Delhi,Vijay Nagar,28.6918964,77.2011936,15
312364,New Delhi,Vijay Nagar,28.6898007,77.2016171,15
312422,New Delhi,Vijay Nagar,28.6909462,77.2012294,15
18359295,New Delhi,Vijay Nagar,28.6901314,77.2011834,15
307369,New Delhi,Vijay Nagar,28.6944411,77.2041084,15
308811,New Delhi,Vijay Nagar,28.6928661,77.2050359,15
18273624,New Delhi,Vijay Nagar,28.6944707,77.2043384,15
18175303,New Delhi,Vijay Nagar,28.6910317,77.2013077,15
310532,New Delhi,Vijay Nagar,28.6935077,77.2047215,15
312420,New Delhi,Vijay Nagar,28.6914056,77.2012817,15
308155,New Delhi,Vijay Nagar,28.6945366,77.2040661,15
305856,New Delhi,Vijay Nagar,28.6936233,77.2048067,15
308950,New Delhi,Vijay Nagar,28.6949624,77.2036388,15
17977767,New Delhi,Vijay Nagar,28.6926492,77.2050605,15
18359288,New Delhi,Vijay Nagar,28.6914552,77.2013137,15
1199,New Delhi,Vijay Nagar,28.6934181,77.2047215,15
312365,New Delhi,Vijay Nagar,28.6924796,77.2042723,15
17989097,New Delhi,Vijay Nagar,28.6939297,77.2044519,15
18233584,New Delhi,Vijay Nagar,28.6934267,77.2048113,15
18241524,New Delhi,Vijay Nagar,28.6947175,77.2039955,15
301700,New Delhi,Vijay Nagar,28.6934439,77.204991,15
303849,New Delhi,Vijay Nagar,28.6906011,77.2014873,15
18258484,New Delhi,Vijay Nagar,28.6943812,77.2040075,15
18157386,New Delhi,Vijay Nagar,28.6919997,77.201128,15
18455949,New Delhi,Vijay Nagar,28.69302023,77.20197815,15
18337907,New Delhi,Vikas Marg,28.6580412,77.3103529,8
18441677,New Delhi,Vikas Marg,28.6307187,77.2776898,8
18355037,New Delhi,Vikaspuri,28.6384984,77.0796054,16
18124369,New Delhi,Vikaspuri,28.6386194,77.0766826,16
18221405,New Delhi,Vikaspuri,28.6282838,77.0700473,16
302166,New Delhi,Vikaspuri,28.628157,77.0698926,16
8696,New Delhi,Vikaspuri,28.6390282,77.07604811,16
6925,New Delhi,Vikaspuri,28.6294177,77.0764578,16
300459,New Delhi,Vikaspuri,28.63507537,77.06883967,16
2403,New Delhi,Vikaspuri,28.6389086,77.0743745,16
8695,New Delhi,Vikaspuri,28.6420433,77.0798778,16
311396,New Delhi,Vikaspuri,28.6459296,77.0791934,16
18333392,New Delhi,Vikaspuri,28.6445722,77.0701624,16
18287378,New Delhi,Vikaspuri,28.63884135,77.07597736,16
307195,New Delhi,Vikaspuri,28.6390149,77.0747491,16
300440,New Delhi,Vikaspuri,28.6384063,77.0656655,16
4793,New Delhi,Vikaspuri,28.6365514,77.0710682,16
18478982,New Delhi,Vikaspuri,28.6322224,77.06846483,16
18322639,New Delhi,Vikaspuri,28.642645,77.0709881,16
18285737,New Delhi,Vikaspuri,28.6385677,77.0789309,16
301380,New Delhi,Vikaspuri,28.6440984,77.0698926,16
300461,New Delhi,Vikaspuri,28.638455,77.0792678,16
3654,New Delhi,Vikaspuri,28.62748827,77.06992965,16
18264996,New Delhi,Vikaspuri,28.6342343,77.0687123,16
301377,New Delhi,Vikaspuri,28.6429519,77.0758587,16
8680,New Delhi,Vikaspuri,28.6431503,77.0756895,16
18246995,New Delhi,Vikaspuri,28.6429129,77.071162,16
4785,New Delhi,Vikaspuri,28.6383481,77.0789759,16
2402,New Delhi,Vikaspuri,28.6392656,77.074213,16
300406,New Delhi,Vikaspuri,28.6419595,77.0797403,16
311390,New Delhi,Vikaspuri,28.62786555,77.06778422,16
4164,New Delhi,Vikaspuri,28.6425242,77.0792789,16
18365391,New Delhi,Vikaspuri,28.6384983,77.0782115,16
8508,New Delhi,Vikaspuri,28.6385334,77.0795111,16
1305,New Delhi,Vikaspuri,28.64041091,77.0707437,16
18245289,New Delhi,Vikaspuri,28.6422953,77.0792261,16
18057797,New Delhi,Vikaspuri,28.638646,77.0765052,16
300472,New Delhi,Vikaspuri,28.62759745,77.06975497,16
18247014,New Delhi,Vikaspuri,28.6392198,77.0751536,16
4790,New Delhi,Vikaspuri,28.63949696,77.0739295,16
8707,New Delhi,Vikaspuri,28.6358966,77.0600536,16
302183,New Delhi,Vikaspuri,28.6385328,77.0771773,16
4792,New Delhi,Vikaspuri,28.6275705,77.0698477,16
2362,New Delhi,Vikaspuri,28.6387222,77.0765725,16
4338,New Delhi,Vikaspuri,28.639194,77.0747491,16
309198,New Delhi,Vikaspuri,28.63885695,77.0751965,16
300457,New Delhi,Vikaspuri,28.6354403,77.0588879,16
312201,New Delhi,Vikaspuri,28.6397834,77.0752887,16
3657,New Delhi,Vikaspuri,28.63504182,77.07022168,16
309323,New Delhi,Vikaspuri,28.6391275,77.0745243,16
311333,New Delhi,Vikaspuri,28.6274498,77.069947,16
5925,New Delhi,Vikaspuri,28.6386139,77.0784813,16
312448,New Delhi,Vikaspuri,28.6425617,77.079298,16
311600,New Delhi,Vikaspuri,28.6284455,77.069463,16
18365871,New Delhi,Vikaspuri,28.6331243,77.0761542,16
18466393,New Delhi,Vikaspuri,28.63927361,77.0742061,16
18258762,New Delhi,Vikaspuri,28.6403518,77.0709719,16
3665,New Delhi,Vikaspuri,28.6390833,77.0743071,16
309473,New Delhi,Vivek Vihar,28.67132778,77.318175,8
8502,New Delhi,Vivek Vihar,28.67130833,77.318925,8
18303857,New Delhi,Vivek Vihar,28.66721,77.317225,8
6264,New Delhi,Vivek Vihar,28.66965416,77.31211167,8
18419896,New Delhi,Vivek Vihar,28.668496,77.314705,8
18291215,New Delhi,Vivek Vihar,28.66981271,77.31173314,8
18264964,New Delhi,Vivek Vihar,28.66857042,77.31214788,8
18420420,New Delhi,Vivek Vihar,28.66722898,77.31825527,8
310604,New Delhi,Vivek Vihar,28.66736018,77.30372541,8
18225627,New Delhi,Vivek Vihar,28.63,77.21,13
6251,New Delhi,Vivek Vihar,28.67116736,77.31825426,8
6253,New Delhi,Vivek Vihar,28.67121678,77.31819056,8
18249080,New Delhi,Vivek Vihar,28.66011757,77.30861206,8
18364535,New Delhi,Vivek Vihar,28.66952381,77.31204974,8
18128871,New Delhi,Vivek Vihar,28.66934292,77.31217302,8
18124355,New Delhi,Vivek Vihar,28.66686832,77.31794111,8
304598,New Delhi,Vivek Vihar,28.6601382,77.3174241,8
18380891,New Delhi,Vivek Vihar,28.66910046,77.31206504,8
6240,New Delhi,Vivek Vihar,28.66815358,77.31226757,8
18420428,New Delhi,Vivek Vihar,28.667041,77.31822677,8
18418262,New Delhi,Vivek Vihar,28.67127679,77.31827907,8
18421469,New Delhi,Vivek Vihar,28.66982713,77.3121633,8
18421467,New Delhi,Vivek Vihar,28.67132945,77.31812015,8
18446390,New Delhi,Vivek Vihar,28.669247,77.312115,8
18421471,New Delhi,Vivek Vihar,28.66958297,77.31192157,8
18377897,New Delhi,Vivek Vihar,28.66984331,77.31203791,8
18419871,New Delhi,Vivek Vihar,28.66842304,77.31213246,8
18420424,New Delhi,Vivek Vihar,28.66696569,77.31824689,8
18377901,New Delhi,Vivek Vihar,28.67126826,77.31827103,8
18291232,New Delhi,Vivek Vihar,28.67148683,77.31820431,8
1613,New Delhi,Vivek Vihar,28.67556419,77.31653329,8
18216911,New Delhi,Vivek Vihar,28.67993906,77.31898986,8
310440,New Delhi,Vivek Vihar,28.66945735,77.31220789,8
4740,New Delhi,Wazirpur,28.6815855,77.1648729,15
2044,New Delhi,Wazirpur,28.7003198,77.1586101,15
306064,New Delhi,Wazirpur,28.6990634,77.1685563,15
6553,New Delhi,Wazirpur,28.6994159,77.1684265,15
18363089,New Delhi,Wazirpur,28.6797201,77.1633809,15
18294257,New Delhi,Wazirpur,28.6792749,77.1636597,15
349,New Delhi,"West End Mall, Janak Puri",28.6299004,77.080281,16
3455,New Delhi,"West End Mall, Janak Puri",28.6301884,77.0795544,16
1115,New Delhi,"West Gate Mall, Rajouri Garden",28.65297802,77.12311551,16
311506,New Delhi,West Patel Nagar,28.6455224,77.1689845,13
3974,New Delhi,West Patel Nagar,28.6495338,77.1639289,13
18163893,New Delhi,West Patel Nagar,28.6454168,77.1689671,13
313093,New Delhi,West Patel Nagar,28.6522346,77.1647873,13
18384135,New Delhi,"Worldmark 1, Aerocity",28.5503472,77.12179529,14
18337772,New Delhi,"Worldmark 1, Aerocity",28.5503472,77.12179529,14
18316173,New Delhi,"Worldmark 1, Aerocity",28.54989546,77.12142371,14
18336491,New Delhi,"Worldmark 1, Aerocity",28.5503472,77.12179529,14
18306524,New Delhi,"Worldmark 1, Aerocity",28.5503472,77.12179529,14
18390311,New Delhi,"Worldmark 1, Aerocity",28.55041317,77.12178456,14
18446491,New Delhi,"Worldmark 1, Aerocity",28.54989546,77.12142371,14
18334400,New Delhi,"Worldmark 1, Aerocity",28.5503472,77.12179529,14
18416747,New Delhi,"Worldmark 1, Aerocity",28.55052862,77.12165984,14
18415376,New Delhi,"Worldmark 1, Aerocity",28.548297,77.120547,14
18446483,New Delhi,"Worldmark 1, Aerocity",28.54989546,77.12142371,14
18409199,New Delhi,"Worldmark 1, Aerocity",28.5503472,77.12179529,14
18446485,New Delhi,"Worldmark 1, Aerocity",28.54989546,77.12142371,14
18439530,New Delhi,"Worldmark 3, Aerocity",28.551681,77.121714,14
18279456,New Delhi,Yusuf Sarai,28.5597171,77.2068326,13
304475,New Delhi,Yusuf Sarai,28.5612917,77.2125368,13
311971,New Delhi,Yusuf Sarai,28.5599455,77.2068775,13
1918,New Delhi,Yusuf Sarai,28.5579587,77.2071919,13
3467,New Delhi,Yusuf Sarai,28.5579587,77.2071919,13
18265698,New Delhi,Yusuf Sarai,28.5609683,77.2098081,13
7457,New Delhi,Yusuf Sarai,28.5577007,77.2077758,13
18175274,New Delhi,Yusuf Sarai,28.5619163,77.2101563,13
3469,New Delhi,Yusuf Sarai,28.5617724,77.2072368,13
2605,New Delhi,Yusuf Sarai,28.5603554,77.2074165,13
4640,New Delhi,Yusuf Sarai,28.5579096,77.207147,13
928,New Delhi,Yusuf Sarai,28.5617998,77.2072686,13
312756,New Delhi,Yusuf Sarai,28.5622651,77.2133453,13
309505,New Delhi,Yusuf Sarai,28.55994238,77.20747568,13
9890,New Delhi,Yusuf Sarai,28.5579096,77.207147,13
954,New Delhi,Yusuf Sarai,28.559442,77.2072368,13
18357525,New Delhi,Yusuf Sarai,28.5616657,77.2132657,13
18265700,New Delhi,Yusuf Sarai,28.56191,77.2105606,13
18252382,New Delhi,Yusuf Sarai,28.5577692,77.2084945,13
18478967,New Delhi,Yusuf Sarai,28.5612517,77.2074165,13
18311920,New Delhi,Yusuf Sarai,28.5580078,77.2072368,13
18455876,New Delhi,Yusuf Sarai,28.556623,77.2063516,13
18478987,New Delhi,Yusuf Sarai,28.5609296,77.2081467,13
18479000,New Delhi,Yusuf Sarai,28.5598243,77.2073832,13
18478997,New Delhi,Yusuf Sarai,28.5616007,77.2132249,13
18492061,New Delhi,Zakir Nagar,28.56720015,77.27884457,13
18492065,New Delhi,Zakir Nagar,28.56771457,77.27966331,13
310480,New Delhi,Zakir Nagar,28.56542779,77.28432264,13
18144471,New Delhi,Zakir Nagar,28.56717571,77.28120089,13
18466972,New Delhi,Zakir Nagar,28.56744249,77.27981217,13
18429376,New Delhi,Zakir Nagar,28.5665297,77.2778975,13
18354968,New Delhi,Zakir Nagar,28.56679379,77.28167631,13
18441542,New Delhi,Zakir Nagar,28.56527732,77.28572074,13
18445274,New Delhi,Zakir Nagar,28.56624639,77.28506528,13
18168147,New Delhi,Zakir Nagar,28.56618897,77.28382677,13
18429375,New Delhi,Zakir Nagar,28.56732117,77.27977898,13
310479,New Delhi,Zakir Nagar,28.5668489,77.2785427,13
18212160,New Delhi,Zakir Nagar,28.56519398,77.28569627,13
310063,Noida,"Ansal Plaza Mall, Greater Noida",28.4581066,77.5281286,24
312214,Noida,"Ansal Plaza Mall, Greater Noida",28.4639566,77.5074561,24
309641,Noida,"Ansal Plaza Mall, Greater Noida",28.4644343,77.5078343,24
306688,Noida,"Ansal Plaza Mall, Greater Noida",28.4642008,77.5077014,24
18440427,Noida,"Ansal Plaza Mall, Greater Noida",28.4642008,77.5077014,24
312573,Noida,Brahmaputra Shopping Complex,28.5698988,77.3325771,8
7983,Noida,Brahmaputra Shopping Complex,28.5703556,77.3326668,8
302541,Noida,Brahmaputra Shopping Complex,28.5697361,77.3328944,8
7992,Noida,Brahmaputra Shopping Complex,28.5700866,77.3326668,8
3695,Noida,"Centre Stage Mall, Sector 18",28.56812092,77.32315633,8
4473,Noida,"Centre Stage Mall, Sector 18",28.5680476,77.32303832,8
3250,Noida,"Centre Stage Mall, Sector 18",28.56822692,77.32309598,8
718,Noida,"Centre Stage Mall, Sector 18",28.56834294,77.3228281,8
18272361,Noida,"DLF Mall of India, Sector 18,  Noida",28.5676545,77.32142698,8
18372695,Noida,"DLF Mall of India, Sector 18,  Noida",28.5675927,77.3214491,8
18265411,Noida,"DLF Mall of India, Sector 18,  Noida",28.5673795,77.3210901,8
18303706,Noida,"DLF Mall of India, Sector 18,  Noida",28.56800461,77.3210394,8
18268698,Noida,"DLF Mall of India, Sector 18,  Noida",28.56772693,77.32187994,8
18264244,Noida,"DLF Mall of India, Sector 18,  Noida",28.57,77.32,8
18277171,Noida,"DLF Mall of India, Sector 18,  Noida",28.56747782,77.32058812,8
18265419,Noida,"DLF Mall of India, Sector 18,  Noida",28.56668455,77.32092675,8
18233616,Noida,"DLF Mall of India, Sector 18,  Noida",28.56744043,77.32105985,8
18366022,Noida,"DLF Mall of India, Sector 18,  Noida",28.567075,77.32080102,8
18273551,Noida,"DLF Mall of India, Sector 18,  Noida",28.56746369,77.32102197,8
18272346,Noida,"DLF Mall of India, Sector 18,  Noida",28.5674896,77.32144509,8
18268925,Noida,"DLF Mall of India, Sector 18,  Noida",28.56702642,77.32094418,8
18272379,Noida,"DLF Mall of India, Sector 18,  Noida",28.56729997,77.32072927,8
18272355,Noida,"DLF Mall of India, Sector 18,  Noida",28.56646341,77.32097905,8
18268722,Noida,"DLF Mall of India, Sector 18,  Noida",28.56737005,77.32057907,8
18273556,Noida,"DLF Mall of India, Sector 18,  Noida",28.56648549,77.3204748,8
18272367,Noida,"DLF Mall of India, Sector 18,  Noida",28.56693955,77.3205499,8
18258775,Noida,"DLF Mall of India, Sector 18,  Noida",28.56733177,77.32083656,8
18254530,Noida,"DLF Mall of India, Sector 18,  Noida",28.567075,77.32080102,8
18336212,Noida,"DLF Mall of India, Sector 18,  Noida",28.56646341,77.32097905,8
18268727,Noida,"DLF Mall of India, Sector 18,  Noida",28.56732441,77.320913,8
18268712,Noida,"DLF Mall of India, Sector 18,  Noida",28.56730645,77.32041411,8
18272353,Noida,"DLF Mall of India, Sector 18,  Noida",28.56673549,77.32079029,8
18261140,Noida,"DLF Mall of India, Sector 18,  Noida",28.56648549,77.3204748,8
18272357,Noida,"DLF Mall of India, Sector 18,  Noida",28.56724019,77.32051905,8
18303688,Noida,"DLF Mall of India, Sector 18,  Noida",28.56732971,77.32082382,8
18268716,Noida,"DLF Mall of India, Sector 18,  Noida",28.56658591,77.32077688,8
18264533,Noida,"DLF Mall of India, Sector 18,  Noida",28.56730085,77.32085601,8
2799,Noida,"Fortune Inn Grazia, Sector 27, Noida",28.5774799,77.3283593,8
2655,Noida,"Fortune Inn Grazia, Sector 27, Noida",28.5773903,77.3283593,8
301392,Noida,"Ganga Shopping Complex, Sector 29",28.5678168,77.3361665,8
302727,Noida,"Ganga Shopping Complex, Sector 29",28.5681889,77.3353589,8
311698,Noida,"Ganga Shopping Complex, Sector 29",28.567448,77.3355832,8
307297,Noida,"Ganga Shopping Complex, Sector 29",28.5682606,77.3357335,8
3154,Noida,"Ganga Shopping Complex, Sector 29",28.5677406,77.3353589,8
18357543,Noida,"Ganga Shopping Complex, Sector 29",28.5678557,77.3351088,8
3155,Noida,"Ganga Shopping Complex, Sector 29",28.5674286,77.3352723,8
18424581,Noida,"Ganga Shopping Complex, Sector 29",28.5683367,77.3356291,8
18421057,Noida,"Gardens Galleria, Sector 38 Noida",28.5649369,77.3218081,8
18233620,Noida,"Gardens Galleria, Sector 38 Noida",28.5648201,77.3217244,8
300605,Noida,"Gardens Galleria, Sector 38 Noida",28.5647926,77.3215077,8
18279442,Noida,"Gardens Galleria, Sector 38 Noida",28.5649859,77.321853,8
18279455,Noida,"Gardens Galleria, Sector 38 Noida",28.5648242,77.3214674,8
18424873,Noida,"Gardens Galleria, Sector 38 Noida",28.5649219,77.32147492,8
18381672,Noida,"Gardens Galleria, Sector 38 Noida",28.5647491,77.3217184,8
18382336,Noida,"Gardens Galleria, Sector 38 Noida",28.56493986,77.32148331,8
18424874,Noida,"Gardens Galleria, Sector 38 Noida",28.5648218,77.3215389,8
18424872,Noida,"Gardens Galleria, Sector 38 Noida",28.5646431,77.3213883,8
18424880,Noida,"Gardens Galleria, Sector 38 Noida",28.5646509,77.3216286,8
18381675,Noida,"Gardens Galleria, Sector 38 Noida",28.5648218,77.3215389,8
18419893,Noida,"Gardens Galleria, Sector 38 Noida",28.56450145,77.32180945,8
18289074,Noida,"Gardens Galleria, Sector 38 Noida",28.565014,77.321597,8
18291236,Noida,Golf Course,28.5663497,77.3451605,8
311614,Noida,Greater Noida,28.4632797,77.5111213,24
18429395,Noida,Greater Noida,28.4725268,77.5142421,24
3735,Noida,Greater Noida,28.4704639,77.5103894,24
9731,Noida,Greater Noida,28.4719367,77.5127189,24
302132,Noida,Greater Noida,28.4723639,77.5144213,24
18258162,Noida,Greater Noida,28.4668203,77.5078806,24
302144,Noida,Greater Noida,28.4764154,77.5237792,24
4471,Noida,Greater Noida,28.4711106,77.5115542,24
18253392,Noida,Greater Noida,28.4720847,77.5133461,24
310790,Noida,Greater Noida,28.4629296,77.510587,24
8152,Noida,Greater Noida,28.4732632,77.5154068,24
313035,Noida,Greater Noida,28.4725185,77.5141525,24
301509,Noida,Greater Noida,28.4665835,77.5077462,24
312275,Noida,Greater Noida,28.4723057,77.5137941,24
302127,Noida,Greater Noida,28.473395,77.5149968,24
18322604,Noida,Greater Noida,28.4657682,77.5081494,24
18433889,Noida,Greater Noida,28.4634563,77.5112854,24
18232121,Noida,Greater Noida,28.4709959,77.5112854,24
307628,Noida,Greater Noida,28.4719958,77.51812208,24
18281980,Noida,Greater Noida,28.463041,77.5106105,24
8151,Noida,Greater Noida,28.472462,77.5145109,24
302139,Noida,Greater Noida,28.4583447,77.527913,24
18377927,Noida,Greater Noida,28.46449,77.518042,24
313120,Noida,Greater Noida,28.4706608,77.5102866,24
18361734,Noida,Greater Noida,28.4632685,77.5111958,24
304338,Noida,Greater Noida,28.4708978,77.5111958,24
18440390,Noida,Greater Noida,28.4647244,77.5085078,24
18383456,Noida,Greater Noida,28.4725185,77.5141525,24
18427237,Noida,Greater Noida,28.4725114,77.5146578,24
18382359,Noida,Greater Noida,28.4634272,77.5296715,24
18445740,Noida,Greater Noida,28.46341884,77.51136148,24
18331809,Noida,Greater Noida,28.4642665,77.5079254,24
18377925,Noida,Greater Noida,28.4733363,77.5152276,24
312287,Noida,Greater Noida,28.4733721,77.5153379,24
18441766,Noida,Greater Noida,28.4725411,77.5134341,24
18281977,Noida,Greater Noida,28.4658168,77.508208,24
18336259,Noida,Greater Noida,28.4631372,77.5107478,24
18441537,Noida,Greater Noida,28.4726306,77.5141192,24
18128857,Noida,"Harsha Mall, Greater Noida",28.4720755,77.5127637,24
18279435,Noida,"Harsha Mall, Greater Noida",28.4720107,77.5130325,24
18281983,Noida,"Harsha Mall, Greater Noida",28.4719201,77.5125397,24
301402,Noida,"Hotel Golf View, Sector 37, Noida",28.5637906,77.3387496,8
301461,Noida,"Hotel Golf View, Sector 37, Noida",28.5637524,77.3387521,8
301468,Noida,"Hotel Golf View, Sector 37, Noida",28.5638179,77.3386893,8
2342,Noida,"Jaipuria Plaza, Sector 26, Noida",28.5767055,77.3351961,8
309088,Noida,"Jaipuria Plaza, Sector 26, Noida",28.5768465,77.3352789,8
18334423,Noida,"Jaipuria Plaza, Sector 26, Noida",28.5764701,77.3348554,8
439,Noida,"Jaipuria Plaza, Sector 26, Noida",28.5759163,77.3347857,8
18431970,Noida,"Jaipuria Plaza, Sector 26, Noida",28.5765143,77.3348596,8
307718,Noida,"Jaipuria Plaza, Sector 26, Noida",28.5763192,77.3348923,8
5685,Noida,"Jaipuria Plaza, Sector 26, Noida",28.5765055,77.335048,8
312243,Noida,"Jaipuria Plaza, Sector 26, Noida",28.5766241,77.3348957,8
18428614,Noida,"Jaipuria Plaza, Sector 26, Noida",28.5762864,77.3354311,8
18424869,Noida,"Jaipuria Plaza, Sector 26, Noida",28.5764412,77.3348778,8
307232,Noida,"Jaipuria Plaza, Sector 26, Noida",28.5764862,77.3348627,8
300907,Noida,"Jaipuria Plaza, Sector 26, Noida",28.5764845,77.3353591,8
18382371,Noida,"Jaipuria Plaza, Sector 26, Noida",28.576761,77.3352114,8
8422,Noida,"Jaypee Greens Golf & Spa Resort, Surajpur",28.4696531,77.5180946,24
8344,Noida,"Jaypee Greens Golf & Spa Resort, Surajpur",28.4696531,77.5180946,24
8441,Noida,"Jaypee Greens Golf & Spa Resort, Surajpur",28.4694087,77.5183634,24
8351,Noida,"Jaypee Greens Golf & Spa Resort, Surajpur",28.4697021,77.5181394,24
4505,Noida,"Jaypee Greens, Greater Noida, Noida",28.464167,77.521526,24
18317498,Noida,"Jaypee Greens, Greater Noida, Noida",28.464167,77.521526,24
18371434,Noida,"Logix City Centre, Sector 32, Noida",28.5743086,77.3536634,8
18425747,Noida,"Logix City Centre, Sector 32, Noida",28.5746419,77.3533943,8
18371402,Noida,"Logix City Centre, Sector 32, Noida",28.574221,77.3539094,8
18383509,Noida,"Logix City Centre, Sector 32, Noida",28.5743001,77.3535737,8
18349905,Noida,"Logix City Centre, Sector 32, Noida",28.5743001,77.3535737,8
18352249,Noida,"Logix City Centre, Sector 32, Noida",28.5742189,77.3536634,8
18383479,Noida,"Logix City Centre, Sector 32, Noida",28.5743001,77.3535737,8
18383470,Noida,"Logix City Centre, Sector 32, Noida",28.5742189,77.3536634,8
18383460,Noida,"Logix City Centre, Sector 32, Noida",28.5743001,77.3535737,8
18440424,Noida,"Logix City Centre, Sector 32, Noida",28.5743576,77.3537083,8
18383477,Noida,"Logix City Centre, Sector 32, Noida",28.5743086,77.3536634,8
18383466,Noida,"Logix City Centre, Sector 32, Noida",28.5742189,77.3536634,8
18396179,Noida,"Logix City Centre, Sector 32, Noida",28.5743086,77.3536634,8
18337905,Noida,"Logix City Centre, Sector 32, Noida",28.5743001,77.3535737,8
18361221,Noida,"Logix City Centre, Sector 32, Noida",28.5743086,77.3536634,8
18383484,Noida,"Logix City Centre, Sector 32, Noida",28.5743086,77.3536634,8
18440164,Noida,"Logix City Centre, Sector 32, Noida",28.5741982,77.3536862,8
18382377,Noida,"Logix City Centre, Sector 32, Noida",28.5744067,77.3537531,8
18383444,Noida,"Logix City Centre, Sector 32, Noida",28.574317,77.3537531,8
18416753,Noida,"Logix City Centre, Sector 32, Noida",28.5743086,77.3536634,8
18441551,Noida,"Logix City Centre, Sector 32, Noida",28.5743576,77.3537083,8
18383481,Noida,"Logix City Centre, Sector 32, Noida",28.57419684,77.35367786,8
18440406,Noida,"Logix City Centre, Sector 32, Noida",28.5743001,77.3535737,8
18381647,Noida,"Logix City Centre, Sector 32, Noida",28.5743001,77.3535737,8
18440416,Noida,"Logix City Centre, Sector 32, Noida",28.5744067,77.3537531,8
18371430,Noida,"Logix City Centre, Sector 32, Noida",28.5743001,77.3535737,8
18383490,Noida,"Logix City Centre, Sector 32, Noida",28.5743001,77.3535737,8
18273632,Noida,"Logix City Centre, Sector 32, Noida",28.5743086,77.3536634,8
18382345,Noida,"Logix Cyber Park, Sector 62, Noida",28.6123732,77.3665825,8
18382347,Noida,"Logix Cyber Park, Sector 62, Noida",28.6127402,77.3666722,8
3226,Noida,"Mosaic Hotels, Sector 18, Noida ",28.57102038,77.32554484,8
4627,Noida,"Mosaic Hotels, Sector 18, Noida ",28.57102038,77.32554484,8
312278,Noida,"MSX Mall, Greater Noida",28.4580751,77.5278832,24
18364351,Noida,"MSX Mall, Greater Noida",28.4580334,77.5283078,24
18373737,Noida,"MSX Mall, Greater Noida",28.4580767,77.5282389,24
18124366,Noida,"MSX Mall, Greater Noida",28.4579354,77.5282182,24
18254400,Noida,"MSX Mall, Greater Noida",28.4580493,77.5279942,24
309545,Noida,"MSX Mall, Greater Noida",28.4578535,77.5281474,24
310067,Noida,"MSX Mall, Greater Noida",28.4581066,77.5281286,24
6033,Noida,"Park Plaza Hotel, Sector 55, Noida",28.6038697,77.3506896,8
6036,Noida,"Park Plaza Hotel, Sector 55, Noida",28.6039396,77.3503437,8
1669,Noida,"Park Plaza Hotel, Sector 55, Noida",28.6037907,77.3497156,8
3924,Noida,"Radisson Blu, Sector 18, Noida",28.56859793,77.32218973,8
18383511,Noida,Sector 1,28.5872879,77.3129503,8
18245267,Noida,Sector 1,28.5891934,77.31409,8
304496,Noida,Sector 10,28.5949741,77.3251735,8
308670,Noida,Sector 10,28.5922973,77.333568,8
18462632,Noida,Sector 10,28.58894661,77.33208809,8
18322648,Noida,Sector 10,28.5881489,77.3307374,8
18356045,Noida,Sector 10,28.5878866,77.3303336,8
18126101,Noida,Sector 10,28.5914816,77.3323864,8
18273622,Noida,Sector 10,28.589854,77.331231,8
5742,Noida,Sector 11,28.597946,77.3355334,8
311186,Noida,Sector 11,28.5977441,77.3357155,8
2331,Noida,Sector 11,28.5976276,77.335798,8
2329,Noida,Sector 11,28.5976456,77.3358973,8
18382363,Noida,Sector 11,28.6003782,77.338766,8
18435292,Noida,Sector 11,28.5978273,77.335507,8
18435286,Noida,Sector 11,28.5976592,77.3356238,8
18243997,Noida,Sector 110,28.5391348,77.36543566,8
18268352,Noida,Sector 110,28.53920932,77.36520298,8
18463699,Noida,Sector 110,28.538929,77.365561,8
18376508,Noida,Sector 110,28.545627,77.369517,8
18146402,Noida,Sector 110,28.53304444,77.38715278,25
18216904,Noida,Sector 110,28.53268571,77.38628581,25
5634,Noida,Sector 110,28.53393492,77.38746263,25
4541,Noida,Sector 110,28.53383506,77.38743782,25
8226,Noida,Sector 110,28.5333408,77.38730572,25
18254527,Noida,Sector 110,28.53350929,77.38739792,25
18409725,Noida,Sector 110,28.53280177,77.38514822,25
310208,Noida,Sector 110,28.5390865,77.36518085,8
8228,Noida,Sector 110,28.53358145,77.38745894,25
8236,Noida,Sector 110,28.53330811,77.3871696,25
18415343,Noida,Sector 110,28.53949767,77.36554932,8
18133476,Noida,Sector 110,28.533164,77.386751,25
18381224,Noida,Sector 110,28.53922405,77.36533742,8
18440751,Noida,Sector 110,28.54079875,77.3682633,8
306560,Noida,Sector 110,28.53422092,77.38676123,25
18371428,Noida,Sector 110,28.52840456,77.38501411,25
312369,Noida,Sector 110,28.53932095,77.36609716,8
307014,Noida,Sector 110,28.53404095,77.38755785,25
18332064,Noida,Sector 110,28.53174637,77.37825595,25
18216939,Noida,Sector 110,28.53928884,77.36627284,8
18378014,Noida,Sector 110,28.539277,77.366061,8
18157400,Noida,Sector 110,28.53941873,77.36619238,8
18057810,Noida,Sector 110,28.53921168,77.36621249,8
18252385,Noida,Sector 110,28.53905704,77.36540817,8
18421504,Noida,Sector 110,28.53925998,77.36600563,8
18424173,Noida,Sector 110,28.5337414,77.38754611,25
18233621,Noida,Sector 110,28.539318,77.36602105,8
18409212,Noida,Sector 110,28.53954539,77.36599725,8
18219528,Noida,Sector 110,28.53309897,77.3869852,25
18380150,Noida,Sector 110,28.53927854,77.36632314,8
18424175,Noida,Sector 110,28.53319412,77.38711596,25
313415,Noida,Sector 110,28.533164,77.386751,25
310762,Noida,Sector 110,28.53395848,77.38716993,25
18410832,Noida,Sector 110,28.53300848,77.38702995,25
18303715,Noida,Sector 110,28.53197731,77.37790592,25
4480,Noida,Sector 110,28.53420826,77.38758132,25
3764,Noida,Sector 110,28.53210161,77.38638707,25
304636,Noida,Sector 110,28.53397527,77.38736574,25
307340,Noida,Sector 110,28.53409103,77.38739625,25
8237,Noida,Sector 110,28.53309132,77.38691278,25
18268724,Noida,Sector 110,28.53934598,77.36664299,8
312463,Noida,Sector 12,28.597161,77.3379637,8
309318,Noida,Sector 12,28.5968936,77.3440643,8
302518,Noida,Sector 12,28.5971578,77.3382315,8
8072,Noida,Sector 12,28.596352,77.3435377,8
5755,Noida,Sector 12,28.5972511,77.3380039,8
18486840,Noida,Sector 12,28.5923274,77.3387224,8
8074,Noida,Sector 12,28.5969146,77.3378109,8
307888,Noida,Sector 12,28.5931433,77.3372391,8
834,Noida,Sector 12,28.5939838,77.3388953,8
18382337,Noida,Sector 12,28.5969468,77.3377445,8
18433542,Noida,Sector 12,28.5972982,77.3439016,8
18382335,Noida,Sector 12,28.5982082,77.3441147,8
18264985,Noida,Sector 12,28.5940266,77.3343957,8
18265692,Noida,Sector 12,28.5973644,77.3381282,8
304937,Noida,Sector 12,28.5948476,77.3395869,8
18489849,Noida,Sector 12,28.5969498,77.3441252,8
18489806,Noida,Sector 12,28.5919342,77.3355321,8
18381674,Noida,Sector 12,28.597161,77.338294,8
18441772,Noida,Sector 12,28.5923266,77.3386901,8
18390891,Noida,Sector 12,28.5969249,77.3440914,8
8061,Noida,Sector 12,28.5970594,77.3441785,8
308623,Noida,Sector 125,28.5493465,77.332072,8
311013,Noida,Sector 125,28.5486721,77.3323527,8
18368015,Noida,Sector 125,28.5493943,77.3323449,8
18273942,Noida,Sector 125,28.516344,77.3714268,25
18034079,Noida,Sector 125,28.5445167,77.3306028,8
18440413,Noida,Sector 125,28.5488666,77.3317111,8
18427230,Noida,Sector 125,28.5472559,77.3297035,8
18440415,Noida,Sector 125,28.5494133,77.3323016,8
18446387,Noida,Sector 127,28.5493919,77.3323947,8
18340903,Noida,Sector 132,28.5074459,77.4133126,26
18357548,Noida,Sector 132,28.5131767,77.40612611,26
18381249,Noida,Sector 132,28.508599,77.407635,26
18307266,Noida,Sector 132,28.5070787,77.4132229,26
18112492,Noida,Sector 132,28.5141905,77.377632,25
18393840,Noida,Sector 132,28.5007418,77.4102187,26
18276998,Noida,Sector 132,28.5003041,77.4027519,26
300988,Noida,Sector 132,28.5011578,77.40179,26
18292443,Noida,Sector 132,28.5075273,77.4132229,26
18204456,Noida,Sector 132,28.5011636,77.4097048,26
18138418,Noida,Sector 132,28.5164185,77.3713463,25
18441561,Noida,Sector 132,28.4995416,77.404642,26
18245275,Noida,Sector 132,28.5177319,77.3799935,25
18358190,Noida,Sector 132,28.4995663,77.4038963,26
18441663,Noida,Sector 132,28.5137081,77.3778001,25
18441563,Noida,Sector 132,28.500375,77.4027231,26
18358662,Noida,Sector 132,28.5255885,77.3681524,-1
18277008,Noida,Sector 132,28.5164422,77.3715165,25
18449300,Noida,Sector 132,28.50763882,77.40778303,26
18454471,Noida,Sector 132,28.505174,77.413852,26
18273973,Noida,Sector 132,28.4996449,77.4028201,26
18375406,Noida,Sector 132,28.5074131,77.4132861,26
18384109,Noida,Sector 132,28.4990685,77.4043548,26
18441569,Noida,Sector 132,28.500282,77.4026739,26
18254543,Noida,Sector 132,28.5164659,77.3712923,25
18393815,Noida,Sector 132,28.5161937,77.3734774,25
18474432,Noida,Sector 132,28.51524439,77.37313192,25
18441559,Noida,Sector 132,28.5046715,77.4141288,26
18441665,Noida,Sector 132,28.513978,77.3777963,25
18441557,Noida,Sector 132,28.5078125,77.413356,26
18441671,Noida,Sector 132,28.5152596,77.3732546,25
18416310,Noida,Sector 132,28.5151994,77.3730864,25
18372688,Noida,Sector 132,28.5138115,77.3778856,25
18146472,Noida,Sector 15,28.5811942,77.3145385,8
3145,Noida,Sector 15,28.5818951,77.3138576,8
312175,Noida,Sector 15,28.5814426,77.3141014,8
3143,Noida,Sector 15,28.5817708,77.314,8
4518,Noida,Sector 15,28.5815304,77.3141279,8
304510,Noida,Sector 15,28.5802723,77.3142692,8
310875,Noida,Sector 15,28.5832846,77.3119452,8
309317,Noida,Sector 15,28.5820794,77.3104224,8
311085,Noida,Sector 15,28.5826872,77.3127883,8
300914,Noida,Sector 15,28.5812215,77.3144579,8
8115,Noida,Sector 15,28.5773817,77.310934,8
18455665,Noida,Sector 15,28.58180043,77.3137449,8
18146390,Noida,Sector 15,28.5821145,77.3100508,8
18435298,Noida,Sector 15,28.5784806,77.3075696,8
301415,Noida,Sector 15,28.5789682,77.3084223,8
18432201,Noida,Sector 15,28.5822126,77.3101406,8
304493,Noida,Sector 15,28.5806262,77.3146798,8
18438456,Noida,Sector 15,28.58206,77.312979,8
18367439,Noida,Sector 15,28.582123,77.3101406,8
18466616,Noida,Sector 15,28.58226269,77.31239598,8
18382368,Noida,Sector 15,28.5807004,77.3147473,8
18345109,Noida,Sector 15,28.5827278,77.3127435,8
18432027,Noida,Sector 15,28.5822693,77.3102284,8
18258742,Noida,Sector 15,28.5801911,77.314359,8
18258756,Noida,Sector 15,28.5816812,77.314,8
18382366,Noida,Sector 15,28.5805304,77.3145418,8
4882,Noida,Sector 16,28.5793172,77.3156097,8
309535,Noida,Sector 16,28.5707246,77.31759,8
18415359,Noida,Sector 16,28.577722,77.31485,8
308451,Noida,Sector 16,28.58129376,77.31558178,8
18156287,Noida,Sector 16,28.5792232,77.3169908,8
399,Noida,Sector 16,28.5801391,77.3157052,8
18432020,Noida,Sector 16,28.5788612,77.313817,8
18432013,Noida,Sector 16,28.5776606,77.317657,8
303371,Noida,Sector 16,28.5801189,77.3153216,8
302558,Noida,Sector 18,28.57081133,77.32593108,8
1698,Noida,Sector 18,28.57064084,77.32504863,8
9252,Noida,Sector 18,28.56861001,77.32310604,8
1323,Noida,Sector 18,28.57158307,77.32418898,8
1735,Noida,Sector 18,28.57044385,77.32611079,8
5677,Noida,Sector 18,28.56988852,77.32660197,8
300953,Noida,Sector 18,28.56997273,77.32660867,8
4721,Noida,Sector 18,28.56857349,77.32454438,8
18261722,Noida,Sector 18,28.57113316,77.3235295,8
18346730,Noida,Sector 18,28.57024863,77.32480153,8
461,Noida,Sector 18,28.56926546,77.32365757,8
937,Noida,Sector 18,28.56876577,77.32496414,8
307720,Noida,Sector 18,28.56992385,77.32669149,8
591,Noida,Sector 18,28.56889916,77.3242832,8
18371433,Noida,Sector 18,28.57099,77.325204,8
18287364,Noida,Sector 18,28.597824,77.332893,8
7913,Noida,Sector 18,28.57071651,77.32458662,8
18180086,Noida,Sector 18,28.57151907,77.32406242,8
5678,Noida,Sector 18,28.57088023,77.32570108,8
427,Noida,Sector 18,28.5721275,77.32221387,8
18292482,Noida,Sector 18,28.57015824,77.3243117,8
18446481,Noida,Sector 18,28.570049,77.322001,8
310694,Noida,Sector 18,28.57225971,77.32313555,8
18252573,Noida,Sector 18,28.57003427,77.3264863,8
303269,Noida,Sector 18,28.57117762,77.32466508,8
5854,Noida,Sector 18,28.57073654,77.32512441,8
18349895,Noida,Sector 18,28.569182,77.324447,8
4160,Noida,Sector 18,28.5688017,77.3233803,8
301514,Noida,Sector 18,28.57206302,77.32295919,8
310417,Noida,Sector 18,28.57046888,77.32430164,8
1701,Noida,Sector 18,28.569561,77.323714,8
18208904,Noida,Sector 18,28.57302026,77.32213676,8
3306,Noida,Sector 18,28.57153949,77.32396636,8
301005,Noida,Sector 18,28.57196379,77.32466038,8
307566,Noida,Sector 18,28.57215783,77.3246292,8
18216913,Noida,Sector 18,28.57013969,77.32443139,8
310399,Noida,Sector 18,28.56935203,77.32456181,8
594,Noida,Sector 18,28.56966474,77.32398044,8
3796,Noida,Sector 18,28.56839947,77.32459467,8
490,Noida,Sector 18,28.5694916,77.32425638,8
18336495,Noida,Sector 18,28.56914544,77.32411414,8
18228862,Noida,Sector 18,28.57234745,77.32224271,8
384,Noida,Sector 18,28.5702822,77.3248877,8
7945,Noida,Sector 18,28.56784854,77.32413467,8
2985,Noida,Sector 18,28.57171587,77.32429225,8
18228855,Noida,Sector 18,28.57101361,77.32514117,8
18289257,Noida,Sector 18,28.570034,77.327377,8
18380141,Noida,Sector 18,28.570159,77.322687,8
18272377,Noida,Sector 18,28.56728731,77.32071754,8
18473005,Noida,Sector 18,28.571388,77.325052,8
300180,Noida,Sector 18,28.57096149,77.32541844,8
7784,Noida,Sector 18,28.57181745,77.32224539,8
396,Noida,Sector 18,28.56920863,77.32432779,8
18014141,Noida,Sector 18,28.57036376,77.3257916,8
1702,Noida,Sector 18,28.57116908,77.3248411,8
18198836,Noida,Sector 18,28.56914297,77.32361533,8
309111,Noida,Sector 18,28.5682225,77.32465636,8
309098,Noida,Sector 18,28.56978752,77.32499767,8
166,Noida,Sector 18,28.56900605,77.32484244,8
18434638,Noida,Sector 18,28.57065303,77.3238781,8
1070,Noida,Sector 18,28.57008816,77.32487295,8
450,Noida,Sector 18,28.5684245,77.32373536,8
18175334,Noida,Sector 18,28.56954961,77.32236877,8
4248,Noida,Sector 18,28.57210424,77.3218102,8
18237334,Noida,Sector 18,28.57199854,77.32216291,8
300952,Noida,Sector 18,28.56837474,77.32376587,8
311649,Noida,Sector 18,28.57149032,77.32239123,8
2336,Noida,Sector 18,28.57070886,77.32339572,8
18273566,Noida,Sector 18,28.56950956,77.32514352,8
311338,Noida,Sector 18,28.56984906,77.32652552,8
310609,Noida,Sector 18,28.57242813,77.32435126,8
307555,Noida,Sector 18,28.56993416,77.3261812,8
4717,Noida,Sector 18,28.57066881,77.32529875,8
7956,Noida,Sector 18,28.56827816,77.3242376,8
304612,Noida,Sector 18,28.56812416,77.32480355,8
304691,Noida,Sector 19,28.5816039,77.3283593,8
309519,Noida,Sector 19,28.577975,77.328028,8
18409730,Noida,Sector 19,28.5807886,77.3291124,8
18427226,Noida,Sector 2,28.5837833,77.3143909,8
387,Noida,Sector 2,28.5822486,77.3135127,8
301420,Noida,Sector 2,28.5849968,77.3116811,8
18383442,Noida,Sector 2,28.5833336,77.3134615,8
18424675,Noida,Sector 2,28.5850552,77.3123862,8
18425782,Noida,Sector 2,28.5853521,77.3128979,8
18457257,Noida,Sector 2,28.58503529,77.31540769,8
18382382,Noida,Sector 2,28.5855201,77.3139934,8
18441711,Noida,Sector 2,28.585532,77.3141165,8
308770,Noida,Sector 20,28.5838546,77.3332052,8
18156065,Noida,Sector 20,28.5825656,77.3328463,8
308951,Noida,Sector 21,28.5880357,77.3360987,8
308563,Noida,Sector 21,28.5847607,77.3371603,8
18409182,Noida,Sector 21,28.5921841,77.3386645,8
8065,Noida,Sector 22,28.5990702,77.3446655,8
18216929,Noida,Sector 22,28.5950171,77.3425749,8
18224208,Noida,Sector 22,28.5940591,77.3425375,8
18441760,Noida,Sector 22,28.5954289,77.3431349,8
18492041,Noida,Sector 22,28.5973259,77.3446346,8
18393406,Noida,Sector 22,28.597278,77.3445624,8
18381676,Noida,Sector 22,28.5990864,77.3449071,8
18430895,Noida,Sector 22,28.5979022,77.349942,8
18433898,Noida,Sector 22,28.5916807,77.3469331,8
5239,Noida,Sector 25,28.5843762,77.3379464,8
18312466,Noida,Sector 25,28.5845728,77.3378653,8
8022,Noida,Sector 25,28.5843215,77.3381766,8
8017,Noida,Sector 25,28.5844243,77.3382691,8
18020006,Noida,Sector 25,28.5843227,77.3381319,8
18252394,Noida,Sector 25,28.5846506,77.3377069,8
311375,Noida,Sector 26,28.5767841,77.3352827,8
18345461,Noida,Sector 26,28.5768276,77.3352977,8
311688,Noida,Sector 27,28.57445006,77.32838832,8
18265723,Noida,Sector 27,28.57456872,77.32827835,8
7986,Noida,Sector 27,28.5735123,77.324321,8
18244520,Noida,Sector 27,28.57444329,77.32837792,8
5760,Noida,Sector 27,28.573916,77.3245817,8
18265705,Noida,Sector 27,28.57457078,77.32828371,8
5761,Noida,Sector 27,28.5737086,77.3245004,8
18255160,Noida,Sector 27,28.57438086,77.3282646,8
18265709,Noida,Sector 27,28.57439941,77.32841983,8
18236270,Noida,Sector 27,28.57187929,77.32803628,8
5757,Noida,Sector 27,28.5734717,77.3243658,8
312237,Noida,Sector 27,28.57346898,77.32451957,8
5700,Noida,Sector 27,28.5737171,77.3245902,8
302575,Noida,Sector 27,28.5737946,77.3235133,8
18336506,Noida,Sector 27,28.57453721,77.3283169,8
5744,Noida,Sector 27,28.5736246,77.3242109,8
307719,Noida,Sector 27,28.57386667,77.32458611,8
7982,Noida,Sector 27,28.5738031,77.323603,8
311419,Noida,Sector 27,28.57350873,77.32458428,8
18383448,Noida,Sector 27,28.57394362,77.32455846,8
18432192,Noida,Sector 27,28.5746025,77.3282696,8
395,Noida,Sector 27,28.5775482,77.328325,8
307724,Noida,Sector 27,28.57433905,77.32809763,8
1460,Noida,Sector 28,28.5711016,77.3331573,8
7991,Noida,Sector 28,28.5714962,77.3330621,8
7979,Noida,Sector 28,28.5714642,77.3330963,8
18323760,Noida,Sector 28,28.5710463,77.333159,8
307491,Noida,Sector 28,28.5710661,77.3331584,8
2334,Noida,Sector 28,28.5711287,77.3332434,8
3153,Noida,Sector 29,28.5670876,77.3350897,8
18361198,Noida,Sector 29,28.5672923,77.3353589,8
309215,Noida,Sector 29,28.5673735,77.3352692,8
18219552,Noida,Sector 29,28.5684579,77.3353589,8
18478962,Noida,Sector 29,28.56859852,77.33557262,8
18472682,Noida,Sector 29,28.569734,77.332751,8
18396192,Noida,Sector 29,28.5672838,77.3352692,8
18138415,Noida,Sector 3,28.5818551,77.319038,8
18429379,Noida,Sector 3,28.5821309,77.3187567,8
3443,Noida,Sector 3,28.5810955,77.3173193,8
18180048,Noida,Sector 3,28.5810132,77.3173563,8
302535,Noida,Sector 30,28.5722363,77.3409391,8
18311928,Noida,Sector 30,28.5724711,77.3408326,8
18446503,Noida,Sector 31,28.576754,77.346491,8
18157374,Noida,Sector 31,28.5791986,77.3394417,8
309059,Noida,Sector 31,28.5793226,77.34303586,8
18291234,Noida,Sector 31,28.5743086,77.3536634,8
18323684,Noida,Sector 31,28.5773502,77.3469342,8
18244230,Noida,Sector 31,28.5744592,77.347652,8
18204467,Noida,Sector 33,28.5866196,77.3499908,8
18306542,Noida,Sector 33,28.5743086,77.3536634,8
18337925,Noida,Sector 33,28.5743086,77.3536634,8
18433854,Noida,Sector 33,28.58791339,77.35415488,8
313151,Noida,Sector 33,28.5865079,77.3502339,8
9735,Noida,Sector 34,28.5818244,77.36111,8
18440192,Noida,Sector 34,28.5743086,77.3536634,8
302501,Noida,Sector 34,28.5835424,77.3636829,8
303025,Noida,Sector 34,28.5838901,77.3573419,8
18424204,Noida,Sector 34,28.5743086,77.3536634,8
18393700,Noida,Sector 34,28.5840221,77.3577905,8
18430590,Noida,Sector 34,28.5743086,77.3536634,8
18439524,Noida,Sector 34,28.583684,77.360356,8
18417576,Noida,Sector 34,28.5839882,77.3574316,8
18440395,Noida,Sector 34,28.5743086,77.3536634,8
18423885,Noida,Sector 34,28.5743086,77.3536634,8
18421515,Noida,Sector 34,28.5820375,77.3614689,8
18440171,Noida,Sector 34,28.5743086,77.3536634,8
18359322,Noida,Sector 37,28.5691352,77.3425375,8
457,Noida,Sector 37,28.5661407,77.3402775,8
18398459,Noida,Sector 37,28.5653946,77.3404288,8
18255715,Noida,Sector 37,28.5644063,77.3376836,8
18427249,Noida,Sector 37,28.5660756,77.3405146,8
18391164,Noida,Sector 37,28.5651685,77.3397535,8
18472655,Noida,Sector 37,28.565446,77.340435,8
18279437,Noida,Sector 37,28.5654172,77.3403587,8
18204489,Noida,Sector 37,28.565491,77.340025,8
18275704,Noida,Sector 37,28.52998373,77.37565689,25
18332077,Noida,Sector 37,28.56619633,77.34083544,8
18458632,Noida,Sector 37,28.566297,77.340721,8
18391158,Noida,Sector 37,28.565437,77.3403537,8
18303845,Noida,Sector 37,28.5661948,77.3408326,8
18352262,Noida,Sector 37,28.5653946,77.3404288,8
18427229,Noida,Sector 37,28.56528114,77.34018199,8
18345747,Noida,Sector 37,28.5653929,77.3399353,8
18368024,Noida,Sector 37,28.5655401,77.3400699,8
18284048,Noida,Sector 37,28.5699307,77.3457285,8
18438321,Noida,Sector 37,28.56573444,77.34016448,8
18319512,Noida,Sector 37,28.5686715,77.3404737,8
309278,Noida,Sector 37,28.5652948,77.3397409,8
18419879,Noida,Sector 37,28.5653117,77.340025,8
9836,Noida,Sector 37,28.565491,77.340025,8
307407,Noida,Sector 38,28.5641453,77.323737,8
305317,Noida,Sector 38,28.5640131,77.334633,8
18430593,Noida,Sector 38,28.5640131,77.334633,8
18349929,Noida,Sector 38,28.5643934,77.3221651,8
18408048,Noida,Sector 38,28.5645948,77.3220403,8
305222,Noida,Sector 38,28.5664384,77.3254169,8
18356801,Noida,Sector 38,28.5648303,77.3216286,8
18432198,Noida,Sector 38,28.5643808,77.3349102,8
18265399,Noida,Sector 38,28.5677206,77.3263626,8
18432194,Noida,Sector 38,28.5693451,77.3281989,8
8385,Noida,Sector 38,28.564222,77.334211,8
309799,Noida,Sector 38,28.56437507,77.33417619,8
6800,Noida,Sector 39,28.5672202,77.3498054,8
18438249,Noida,Sector 39,28.56699945,77.34990894,8
18155147,Noida,Sector 4,28.5810716,77.3219012,8
18388032,Noida,Sector 40,28.5651898,77.3568036,8
313410,Noida,Sector 41,28.56952163,77.36176707,8
311974,Noida,Sector 41,28.561368,77.3607699,8
5686,Noida,Sector 41,28.5692496,77.3618278,8
18396157,Noida,Sector 41,28.56920834,77.36170672,8
5681,Noida,Sector 41,28.5697922,77.3618487,8
307424,Noida,Sector 41,28.5615185,77.3591531,8
8084,Noida,Sector 41,28.5689914,77.361986,8
18412870,Noida,Sector 41,28.5662049,77.3629392,8
18412876,Noida,Sector 41,28.569412,77.3616483,8
306551,Noida,Sector 41,28.5692859,77.3618197,8
8095,Noida,Sector 41,28.569218,77.3620195,8
308648,Noida,Sector 41,28.5693477,77.3619175,8
18352184,Noida,Sector 41,28.5614537,77.3609306,8
17977758,Noida,Sector 41,28.569207,77.3618306,8
18370702,Noida,Sector 41,28.5613668,77.3603093,8
18322612,Noida,Sector 41,28.561485,77.360265,8
18412866,Noida,Sector 41,28.565118,77.366334,8
18396425,Noida,Sector 41,28.5614308,77.3592512,8
18287405,Noida,Sector 41,28.56145334,77.35881027,8
18466390,Noida,Sector 41,28.565447,77.360571,8
18219556,Noida,Sector 41,28.5689975,77.3620072,8
311332,Noida,Sector 41,28.5614837,77.3583449,8
18439546,Noida,Sector 41,28.5656,77.361169,8
18441667,Noida,Sector 41,28.563578,77.363015,8
18363088,Noida,Sector 41,28.569307,77.361455,8
18454463,Noida,Sector 41,28.56136235,77.36045983,8
18450749,Noida,Sector 41,28.56132431,77.36013662,8
18381230,Noida,Sector 41,28.5615785,77.3522612,8
18332051,Noida,Sector 41,28.5612185,77.3612895,8
18339370,Noida,Sector 41,28.57,77.36,8
18439534,Noida,Sector 41,28.5692496,77.3618278,8
18432190,Noida,Sector 41,28.5614537,77.3609306,8
18412897,Noida,Sector 41,28.569307,77.361455,8
18383529,Noida,Sector 41,28.5692053,77.3617807,8
18383549,Noida,Sector 41,28.5612563,77.358773,8
18439535,Noida,Sector 41,28.5615028,77.3609755,8
307974,Noida,Sector 41,28.5616434,77.3591363,8
1337,Noida,Sector 41,28.5689197,77.361974,8
311342,Noida,Sector 41,28.56337153,77.35858697,8
18438435,Noida,Sector 41,28.569279,77.362094,8
18425976,Noida,Sector 44,28.5546617,77.3374886,8
18370372,Noida,Sector 44,28.56470841,77.3382907,8
18433903,Noida,Sector 44,28.5580118,77.3321849,8
18391172,Noida,Sector 44,28.56198634,77.35743094,8
310539,Noida,Sector 44,28.5543914,77.3373827,8
18383527,Noida,Sector 44,28.5579734,77.3323268,8
310695,Noida,Sector 44,28.5599265,77.3361665,8
308763,Noida,Sector 44,28.560602,77.3400334,8
309135,Noida,Sector 44,28.5607636,77.3400007,8
3740,Noida,Sector 44,28.5579975,77.3323527,8
18400723,Noida,Sector 44,28.5545389,77.3385357,8
18383486,Noida,Sector 44,28.5579718,77.3322975,8
18454484,Noida,Sector 44,28.554041,77.339363,8
18398614,Noida,Sector 44,28.5584685,77.3305135,8
18373560,Noida,Sector 44,28.5541271,77.3374228,8
18381258,Noida,Sector 44,28.5585244,77.3431656,8
18420881,Noida,Sector 44,28.5568248,77.33950197,8
18433905,Noida,Sector 44,28.5538698,77.3367172,8
18317511,Noida,Sector 45,28.5485744,77.3441526,8
18244257,Noida,Sector 45,28.5489246,77.3440629,8
18228857,Noida,Sector 45,28.5503712,77.3451396,8
18317512,Noida,Sector 45,28.5498552,77.3444218,8
18432231,Noida,Sector 45,28.5486331,77.3442694,8
18432236,Noida,Sector 45,28.5509007,77.3425046,8
311706,Noida,Sector 47,28.5593943,77.3636066,8
18410380,Noida,Sector 47,28.5480976,77.3728126,8
18426112,Noida,Sector 47,28.55065,77.3740358,8
18352161,Noida,Sector 47,28.55276,77.3724136,8
18234101,Noida,Sector 47,28.5528331,77.3717413,8
312313,Noida,Sector 48,28.5572741,77.3678917,8
18339329,Noida,Sector 48,28.5574096,77.3676875,8
304818,Noida,Sector 48,28.5571046,77.3681581,8
18303838,Noida,Sector 48,28.5571526,77.3682751,8
310724,Noida,Sector 48,28.5574263,77.3678243,8
310753,Noida,Sector 48,28.5551493,77.3727931,8
18435295,Noida,Sector 48,28.5555893,77.3728518,8
18281160,Noida,Sector 48,28.56072076,77.36971536,8
309155,Noida,Sector 48,28.5555542,77.3729825,8
18289230,Noida,Sector 48,28.5556159,77.373221,8
18277218,Noida,Sector 49,28.5573976,77.3719832,8
18133492,Noida,Sector 49,28.5596943,77.3706065,8
18332086,Noida,Sector 49,28.56042768,77.37059221,8
18419113,Noida,Sector 49,28.5562369,77.375287,8
18203626,Noida,Sector 5,28.5887703,77.3234175,8
312978,Noida,Sector 5,28.5878734,77.3245004,8
18451091,Noida,Sector 5,28.59,77.32,8
304727,Noida,Sector 50,28.5705134,77.3619175,8
3679,Noida,Sector 50,28.5695102,77.361738,8
306023,Noida,Sector 50,28.5702613,77.3620969,8
18378765,Noida,Sector 50,28.5702807,77.3619772,8
18014129,Noida,Sector 50,28.56872955,77.3640969,8
301081,Noida,Sector 50,28.5699073,77.3621286,8
2971,Noida,Sector 50,28.5705071,77.361983,8
302406,Noida,Sector 50,28.5699059,77.3621117,8
18254253,Noida,Sector 50,28.5694331,77.3704026,8
18138435,Noida,Sector 50,28.5709428,77.3864967,8
5684,Noida,Sector 50,28.5702866,77.362366,8
1745,Noida,Sector 50,28.5703509,77.3620969,8
3707,Noida,Sector 50,28.5705134,77.3619175,8
18371395,Noida,Sector 50,28.5706018,77.3623092,8
310766,Noida,Sector 50,28.5697892,77.3623212,8
2939,Noida,Sector 50,28.5703164,77.3620447,8
1919,Noida,Sector 50,28.570872,77.3619175,8
9313,Noida,Sector 50,28.5699968,77.362497,8
18273432,Noida,Sector 50,28.57683772,77.37630514,8
18163927,Noida,Sector 50,28.5699364,77.3624558,8
18373828,Noida,Sector 50,28.5708889,77.3620969,8
18252364,Noida,Sector 50,28.5694797,77.3852409,8
18376068,Noida,Sector 50,28.57,77.37,8
308725,Noida,Sector 50,28.5702613,77.3620969,8
385,Noida,Sector 50,28.5699792,77.3621039,8
18432227,Noida,Sector 50,28.5704704,77.361896,8
308441,Noida,Sector 50,28.5702697,77.3621866,8
2327,Noida,Sector 50,28.5703849,77.3620973,8
313045,Noida,Sector 50,28.5708499,77.3624456,8
309818,Noida,Sector 50,28.5704635,77.3617899,8
311341,Noida,Sector 50,28.5728,77.37062,8
18398605,Noida,Sector 50,28.5704559,77.3617829,8
18383531,Noida,Sector 50,28.5704437,77.3625098,8
306167,Noida,Sector 50,28.570603,77.3619175,8
308059,Noida,Sector 51,28.5780783,77.3670311,8
18388008,Noida,Sector 51,28.5582143,77.3674796,8
18255153,Noida,Sector 51,28.5782751,77.3624558,8
313164,Noida,Sector 51,28.5832481,77.3676591,8
18432195,Noida,Sector 51,28.578194,77.369257,8
18261811,Noida,Sector 51,28.5782979,77.3693635,8
18377891,Noida,Sector 51,28.5822417,77.3664928,8
18273047,Noida,Sector 51,28.5781101,77.3692738,8
18261720,Noida,Sector 51,28.5825191,77.3665825,8
18435293,Noida,Sector 51,28.5834992,77.3681633,8
18357573,Noida,Sector 51,28.5783055,77.3672447,8
18435297,Noida,Sector 51,28.583972,77.3688983,8
18322688,Noida,Sector 51,28.58601,77.3722342,8
18383521,Noida,Sector 51,28.5862117,77.3722935,8
18351422,Noida,Sector 51,28.5784302,77.3669408,8
18353796,Noida,Sector 51,28.58,77.37,8
18495875,Noida,Sector 51,28.58168431,77.37454668,8
18332475,Noida,Sector 51,28.5796721,77.3658648,8
18439522,Noida,Sector 51,28.581868,77.366121,8
18481291,Noida,Sector 51,28.573306,77.3614962,8
1498,Noida,Sector 51,28.585893,77.3720794,8
18258491,Noida,Sector 52,28.5867115,77.3625455,8
304484,Noida,Sector 52,28.5833075,77.367691,8
18477658,Noida,Sector 52,28.5864134,77.3681073,8
18368602,Noida,Sector 52,28.5879739,77.3655244,8
18435807,Noida,Sector 52,28.5832178,77.3675487,8
18287399,Noida,Sector 53,28.5906666,77.3607512,8
309873,Noida,Sector 53,28.5953748,77.3625937,8
310170,Noida,Sector 53,28.5955626,77.362305,8
8497,Noida,Sector 53,28.5863139,77.3630838,8
312184,Noida,Sector 53,28.5900318,77.3596121,8
18082207,Noida,Sector 53,28.5913835,77.365506,8
18144457,Noida,Sector 53,28.5878465,77.3631735,8
18346998,Noida,Sector 53,28.5906666,77.3607512,8
18435308,Noida,Sector 53,28.59562,77.3623636,8
18291227,Noida,Sector 53,28.5895874,77.3597643,8
18435795,Noida,Sector 53,28.5866387,77.3627249,8
18383031,Noida,Sector 53,28.5957812,77.3626452,8
304750,Noida,Sector 53,28.5866387,77.3627249,8
18435790,Noida,Sector 53,28.586412,77.3631735,8
18244407,Noida,Sector 53,28.5906666,77.3607512,8
18428215,Noida,Sector 53,28.59569369,77.36209564,8
18382356,Noida,Sector 53,28.5869987,77.3624115,8
307841,Noida,Sector 53,28.5955703,77.362366,8
18157407,Noida,Sector 53,28.5956935,77.3623312,8
8068,Noida,Sector 55,28.6070243,77.3469342,8
18435313,Noida,Sector 55,28.606606,77.3470476,8
18249124,Noida,Sector 56,28.6033018,77.3428293,8
302502,Noida,Sector 56,28.6033255,77.3427967,8
313329,Noida,Sector 56,28.6032453,77.3429861,8
18126119,Noida,Sector 56,28.603325,77.3427604,8
18435805,Noida,Sector 56,28.6033137,77.3427275,8
18409196,Noida,Sector 57,28.6005354,77.3545409,8
501,Noida,Sector 58,28.6045901,77.3576192,8
510,Noida,Sector 58,28.6048659,77.358741,8
18418274,Noida,Sector 58,28.60756944,77.35685091,8
5746,Noida,Sector 58,28.6086827,77.3597643,8
18215963,Noida,Sector 58,28.6072953,77.362444,8
18432232,Noida,Sector 58,28.6101016,77.3533487,8
304487,Noida,Sector 58,28.61007,77.35318667,8
18433909,Noida,Sector 58,28.6085274,77.3597207,8
8096,Noida,Sector 58,28.6057844,77.3625711,8
5702,Noida,Sector 58,28.6099807,77.3532162,8
304502,Noida,Sector 58,28.6097471,77.3528544,8
18432196,Noida,Sector 58,28.6100951,77.3533213,8
18414468,Noida,Sector 59,28.6080732,77.3723239,8
8090,Noida,Sector 59,28.6088161,77.3626026,8
8092,Noida,Sector 59,28.6088444,77.3626134,8
18391140,Noida,Sector 59,28.6086461,77.3724933,8
312935,Noida,Sector 59,28.6095755,77.3781674,8
18313786,Noida,Sector 59,28.6081042,77.3724239,8
18432223,Noida,Sector 59,28.6084226,77.36256,8
8077,Noida,Sector 6,28.5920932,77.3178507,8
8089,Noida,Sector 60,28.6047247,77.3624842,8
18481296,Noida,Sector 60,28.6055225,77.3719027,8
18451823,Noida,Sector 61,28.59345268,77.36473083,8
310755,Noida,Sector 61,28.59566,77.362366,8
312186,Noida,Sector 62,28.6142808,77.3716062,8
4469,Noida,Sector 62,28.6127995,77.3625455,8
18423860,Noida,Sector 62,28.6181042,77.3698446,8
307335,Noida,Sector 62,28.6191966,77.370818,8
5698,Noida,Sector 62,28.6127995,77.3625455,8
8130,Noida,Sector 62,28.6127402,77.3666722,8
311533,Noida,Sector 62,28.6274956,77.374165,8
18268502,Noida,Sector 62,28.61083103,77.35402454,8
18285723,Noida,Sector 62,28.6127402,77.3666722,8
308751,Noida,Sector 62,28.6139194,77.371174,8
18273567,Noida,Sector 62,28.6181215,77.3704181,8
3753,Noida,Sector 62,28.6142808,77.3716062,8
18258503,Noida,Sector 62,28.58167444,77.33747028,8
1844,Noida,Sector 62,28.62443114,77.37043262,8
18281981,Noida,Sector 62,28.62840758,77.37389041,8
308718,Noida,Sector 62,28.6181067,77.3702942,8
18423098,Noida,Sector 62,28.62667926,77.37371799,8
18435329,Noida,Sector 62,28.61183236,77.37029448,8
18367978,Noida,Sector 62,28.6184991,77.3707092,8
5777,Noida,Sector 62,28.612911,77.3665825,8
18396437,Noida,Sector 62,28.6181511,77.369864,8
18224549,Noida,Sector 62,28.6127402,77.3666722,8
8138,Noida,Sector 62,28.6280874,77.3738681,8
18281973,Noida,Sector 62,28.6180976,77.3706652,8
313049,Noida,Sector 62,28.61263059,77.3545194,8
313250,Noida,Sector 62,28.62392171,77.37002995,8
313358,Noida,Sector 62,28.61451253,77.35519834,8
18358191,Noida,Sector 62,28.6193448,77.3701709,8
5696,Noida,Sector 62,28.6127995,77.3625455,8
18252359,Noida,Sector 62,28.6197372,77.3705298,8
4483,Noida,Sector 62,28.6196711,77.3704489,8
5776,Noida,Sector 62,28.6127995,77.3625455,8
8767,Noida,Sector 62,28.6239066,77.3700887,8
311622,Noida,Sector 62,28.612791,77.3624558,8
308758,Noida,Sector 62,28.62453856,77.37041719,8
303996,Noida,Sector 62,28.613167,77.3684034,8
18160567,Noida,Sector 62,28.6187885,77.3707797,8
18128892,Noida,Sector 62,28.6185042,77.3698121,8
18380262,Noida,Sector 62,28.6145003,77.3624828,8
307703,Noida,Sector 62,28.62453797,77.37017244,8
302308,Noida,Sector 62,28.6182239,77.3702457,8
3939,Noida,Sector 62,28.613038,77.3631735,8
311656,Noida,Sector 62,28.612791,77.3624558,8
304441,Noida,Sector 62,28.61550833,77.35487667,8
18344518,Noida,Sector 62,28.61044692,77.35400308,8
304439,Noida,Sector 62,28.61997007,77.35509105,8
18312485,Noida,Sector 62,28.618099,77.3723946,8
312188,Noida,Sector 62,28.6252228,77.37004437,8
18424577,Noida,Sector 62,28.6238525,77.368349,8
18424631,Noida,Sector 62,28.6139563,77.3672105,8
18268694,Noida,Sector 62,28.6181335,77.370496,8
18381667,Noida,Sector 62,28.6129491,77.3656117,8
18424598,Noida,Sector 62,28.6143366,77.3712474,8
18423900,Noida,Sector 62,28.6193211,77.3706875,8
18347548,Noida,Sector 62,28.61750372,77.35475075,8
18281813,Noida,Sector 62,28.62565716,77.20952498,13
18423896,Noida,Sector 62,28.6182302,77.3707092,8
18423139,Noida,Sector 62,28.6207119,77.3629871,8
308717,Noida,Sector 62,28.6132102,77.3660074,8
310775,Noida,Sector 62,28.6132289,77.3633138,8
18274402,Noida,Sector 62,28.619656,77.3706195,8
18382349,Noida,Sector 62,28.6131696,77.3634824,8
18423877,Noida,Sector 62,28.6182302,77.3707092,8
18424206,Noida,Sector 62,28.6220057,77.3550388,8
18424195,Noida,Sector 62,28.6218907,77.3551543,8
310770,Noida,Sector 62,28.62503592,77.37101935,8
18424588,Noida,Sector 62,28.6188035,77.369567,8
304480,Noida,Sector 62,28.6191953,77.3707194,8
4758,Noida,Sector 62,28.612791,77.3624558,8
7909,Noida,Sector 62,28.6129026,77.3664928,8
18391137,Noida,Sector 63,28.625608,77.38531,8
312428,Noida,Sector 63,28.616674,77.3770285,8
18462716,Noida,Sector 63,28.6177586,77.3784944,8
18492089,Noida,Sector 63,28.6249999,77.3771889,8
18415381,Noida,Sector 63,28.6125969,77.3846785,8
18492086,Noida,Sector 63,28.6292246,77.3760306,8
18258764,Noida,Sector 65,28.6075466,77.3772233,8
18382564,Noida,Sector 65,28.607233,77.380365,8
18378040,Noida,Sector 65,28.6095834,77.3760035,8
18382348,Noida,Sector 65,28.6095596,77.3757327,8
18216323,Noida,Sector 65,28.6072612,77.3799187,8
312240,Noida,Sector 65,28.6094124,77.3755981,8
18224558,Noida,Sector 7,28.597085,77.317172,8
6170,Noida,Sector 7,28.5976222,77.3201607,8
18421059,Noida,Sector 71,28.5915785,77.3751945,8
18388148,Noida,Sector 71,28.6008237,77.3771267,8
313103,Noida,Sector 71,28.6008229,77.3771316,8
18439544,Noida,Sector 71,28.6076509,77.3798644,8
18439541,Noida,Sector 72,28.5645097,77.3823794,8
18335834,Noida,Sector 72,28.5664689,77.3813429,8
18383468,Noida,Sector 72,28.5663929,77.381327,8
18351053,Noida,Sector 72,28.5663773,77.3811864,8
18411585,Noida,Sector 72,28.5646289,77.3851512,8
18382362,Noida,Sector 72,28.57108,77.3862918,8
18163938,Noida,Sector 72,28.5914755,77.3809101,8
312316,Noida,Sector 72,28.585038,77.3997654,27
18424201,Noida,Sector 72,28.5722375,77.3863299,8
18429391,Noida,Sector 72,28.5723004,77.3864019,8
18126089,Noida,Sector 72,28.5868911,77.4013017,27
18337921,Noida,Sector 72,28.5663966,77.3810922,8
18462972,Noida,Sector 72,28.57605503,77.32181758,8
18014154,Noida,Sector 72,28.5879324,77.400309,27
18383462,Noida,Sector 72,28.56920274,77.38469392,8
18435296,Noida,Sector 72,28.57173,77.3920718,8
18416867,Noida,Sector 72,28.5905939,77.3833124,8
18383535,Noida,Sector 72,28.566406,77.3819125,8
18418649,Noida,Sector 72,28.5851413,77.3992328,27
18313143,Noida,Sector 72,28.5645272,77.38271,8
18332053,Noida,Sector 72,28.5694254,77.3848705,8
18365588,Noida,Sector 72,28.5664155,77.3810436,8
18423131,Noida,Sector 72,28.5665424,77.3821963,8
18418250,Noida,Sector 72,28.5663598,77.3814563,8
18439523,Noida,Sector 72,28.5659688,77.3813897,8
18471723,Noida,Sector 72,28.5891989,77.3803972,8
18430582,Noida,Sector 72,28.5914573,77.3805766,8
18451827,Noida,Sector 72,28.588073,77.400003,27
18439527,Noida,Sector 72,28.5663512,77.3816692,8
18313605,Noida,Sector 72,28.5706274,77.386365,8
18372662,Noida,Sector 72,28.5714727,77.3837255,8
18435336,Noida,Sector 72,28.5853989,77.3991911,27
18418232,Noida,Sector 72,28.58528,77.3992776,27
18433873,Noida,Sector 72,28.5722136,77.386199,8
18383464,Noida,Sector 72,28.5664704,77.3812069,8
18354978,Noida,Sector 72,28.5880007,77.3986498,27
18469970,Noida,Sector 72,28.5639598,77.387573,8
18415977,Noida,Sector 72,28.5645393,77.3851512,8
18439532,Noida,Sector 72,28.5666463,77.3819508,8
18435288,Noida,Sector 72,28.5704048,77.3864967,8
18383483,Noida,Sector 72,28.5665638,77.3822877,8
18442657,Noida,Sector 72,28.5419387,77.3346967,8
18435824,Noida,Sector 72,28.5643503,77.3827156,8
18439529,Noida,Sector 72,28.5664153,77.3807896,8
18435797,Noida,Sector 72,28.5646289,77.3851512,8
18435321,Noida,Sector 72,28.5707996,77.3863819,8
18383458,Noida,Sector 72,28.5711244,77.3846131,8
18352676,Noida,Sector 72,28.5674429,77.3936272,8
18468948,Noida,Sector 72,28.5717508,77.392176,8
18499472,Noida,Sector 72,28.5665039,77.3812875,8
18396341,Noida,Sector 72,28.585231,77.3992328,27
18431190,Noida,Sector 72,28.5712706,77.3839456,8
18431976,Noida,Sector 72,28.58528,77.3992776,27
18466993,Noida,Sector 72,28.5717732,77.3923332,8
18472450,Noida,Sector 72,28.5716155,77.3804176,8
18383503,Noida,Sector 72,28.56639,77.3812288,8
311334,Noida,Sector 72,28.515425,77.37333611,25
18308083,Noida,Sector 8,28.5963721,77.3246524,8
310240,Noida,Sector 8,28.5960491,77.3227953,8
18206836,Noida,Sector 83,28.52887237,77.39445644,25
18376500,Noida,Sector 93,28.5205286,77.3820287,25
308877,Noida,Sector 93,28.5136416,77.3851484,25
311768,Noida,Sector 93,28.5146003,77.3853306,25
18423127,Noida,Sector 93,28.5200041,77.3817427,25
300550,Noida,Sector 93,28.5205903,77.3841646,25
18337891,Noida,Sector 93,28.519906,77.381653,25
9724,Noida,Sector 93,28.5200799,77.38255,25
312558,Noida,Sector 93,28.5189985,77.3863173,25
312777,Noida,Sector 93,28.5208059,77.3826397,25
1495,Noida,Sector 93,28.5205006,77.3841646,25
18258469,Noida,Sector 93,28.5209491,77.3841646,25
18440423,Noida,Sector 93,28.5143927,77.3854509,25
18385532,Noida,Sector 93,28.5144055,77.3856446,25
18440409,Noida,Sector 93,28.5249223,77.3881327,25
18271099,Noida,Sector 93,28.519906,77.381653,25
311701,Noida,Sector 93,28.5204779,77.3820118,25
302925,Noida,Sector 93,28.5143706,77.3854743,25
18385889,Noida,"Shopprix Mall, Sector 61, Noida",28.59579437,77.36500047,8
18371420,Noida,"Shopprix Mall, Sector 61, Noida",28.5971027,77.3648332,8
308737,Noida,"Spice World Mall, Sector 25",28.5854737,77.3404494,8
309693,Noida,"Spice World Mall, Sector 25",28.5854737,77.3404494,8
312241,Noida,"Spice World Mall, Sector 25",28.5854737,77.3404494,8
390,Noida,"Spice World Mall, Sector 25",28.5864102,77.3413131,8
447,Noida,"Spice World Mall, Sector 25",28.5854737,77.3404494,8
4482,Noida,"Spice World Mall, Sector 25",28.5864047,77.3398007,8
550,Noida,"Spice World Mall, Sector 25",28.5861409,77.341214,8
303152,Noida,"Spice World Mall, Sector 25",28.5862391,77.341371,8
18486858,Noida,"Spice World Mall, Sector 25",28.586,77.3406022,8
18466970,Noida,"Spice World Mall, Sector 25",28.5855119,77.341593,8
18431193,Noida,"Spice World Mall, Sector 25",28.5863196,77.3409734,8
18258397,Noida,"Spice World Mall, Sector 25",28.5835794,77.3373249,8
18431981,Noida,"Spice World Mall, Sector 25",28.5863106,77.3409762,8
3212,Noida,"Spice World Mall, Sector 25",28.5854928,77.3410212,8
8012,Noida,"Spice World Mall, Sector 25",28.5854928,77.3410212,8
312187,Noida,"Supertech Shopprix Mall, Sector 61",28.5971027,77.3648332,8
523,Noida,"Supertech Shopprix Mall, Sector 61",28.5971027,77.3648332,8
2480,Noida,"Supertech Shopprix Mall, Sector 61",28.5971027,77.3648332,8
1733,Noida,"Supertech Shopprix Mall, Sector 61",28.5973057,77.3646089,8
307145,Noida,"Supertech Shopprix Mall, Sector 61",28.5970621,77.364878,8
1727,Noida,"Supertech Shopprix Mall, Sector 61",28.5970621,77.364878,8
828,Noida,"Supertech Shopprix Mall, Sector 61",28.5971027,77.3648332,8
393,Noida,"Supertech Shopprix Mall, Sector 61",28.5973425,77.36484054,8
1722,Noida,"Supertech Shopprix Mall, Sector 61",28.5971298,77.3649169,8
2483,Noida,"Supertech Shopprix Mall, Sector 61",28.5971518,77.364878,8
1726,Noida,"Supertech Shopprix Mall, Sector 61",28.5971433,77.3647883,8
304934,Noida,"Supertech Shopprix Mall, Sector 61",28.5970621,77.364878,8
305961,Noida,"Supertech Shopprix Mall, Sector 61",28.5971097,77.3649068,8
308578,Noida,"Supertech Shopprix Mall, Sector 61",28.5971027,77.3648332,8
308750,Noida,"Supertech Shopprix Mall, Sector 61",28.5971027,77.3648332,8
309971,Noida,"Supertech Shopprix Mall, Sector 61",28.59716667,77.36474722,8
386,Noida,"Supertech Shopprix Mall, Sector 61",28.5971137,77.3649083,8
428,Noida,"Supertech Shopprix Mall, Sector 61",28.5971027,77.3648332,8
18070483,Noida,"Supertech Shopprix Mall, Sector 61",28.59689799,77.36498103,8
7869,Noida,"The Great India Place, Sector 38",28.5675107,77.3258017,8
5610,Noida,"The Great India Place, Sector 38",28.5674499,77.325869,8
304103,Noida,"The Great India Place, Sector 38",28.5678712,77.3262953,8
5598,Noida,"The Great India Place, Sector 38",28.5676664,77.3260261,8
18233617,Noida,"The Great India Place, Sector 38",28.566702,77.3253081,8
300955,Noida,"The Great India Place, Sector 38",28.5670755,77.325482,8
18017237,Noida,"The Great India Place, Sector 38",28.5680759,77.3265645,8
5619,Noida,"The Great India Place, Sector 38",28.5675098,77.3255549,8
2191,Noida,"The Great India Place, Sector 38",28.5677476,77.3259363,8
307447,Noida,"The Great India Place, Sector 38",28.5672542,77.3254017,8
7932,Noida,"The Great India Place, Sector 38",28.5671503,77.3253081,8
1226,Noida,"The Great India Place, Sector 38",28.5671588,77.3253979,8
8888,Noida,"The Great India Place, Sector 38",28.5671588,77.3253979,8
4530,Noida,"The Great India Place, Sector 38",28.56721958,77.32540604,8
18400768,Noida,"The Great India Place, Sector 38",28.5680759,77.3265645,8
409,Noida,"The Great India Place, Sector 38",28.5678221,77.3262504,8
7939,Noida,"The Great India Place, Sector 38",28.5672537,77.3254972,8
18133480,Noida,"The Great India Place, Sector 38",28.5671503,77.3253081,8
791,Noida,"The Great India Place, Sector 38",28.5674465,77.3260709,8
486,Noida,"The Great India Place, Sector 38",28.5678881,77.3264748,8
18208913,Noida,"The Great India Place, Sector 38",28.5671054,77.3253509,8
3251,Noida,"The Great India Place, Sector 38",28.5672163,77.3255325,8
308774,Noida,"The Great India Place, Sector 38",28.5674287,77.3256447,8
394,Noida,"The Great India Place, Sector 38",28.5672492,77.3255133,8
302421,Noida,"The Great India Place, Sector 38",28.5680132,77.3261382,8
1244,Noida,"The Great India Place, Sector 38",28.5676834,77.3262056,8
5689,Noida,"The Great India Place, Sector 38",28.5680132,77.3261382,8
18431152,Noida,"The Great India Place, Sector 38",28.5675141,77.3255998,8
18431158,Noida,"The Great India Place, Sector 38",28.5671588,77.3253979,8
18430892,Noida,"The Great India Place, Sector 38",28.5680759,77.3265645,8
18430870,Noida,"The Great India Place, Sector 38",28.564185,77.324803,8
18428504,Noida,"The Great India Place, Sector 38",28.5677509,77.32321292,8
2979,Noida,"The Great India Place, Sector 38",28.5671503,77.3253081,8
3237,Noida,"The Great India Place, Sector 38",28.5680674,77.3264748,8
2025,Noida,"The Great India Place, Sector 38",28.5670397,77.325445,8
3149,Noida,"The Great India Place, Sector 38",28.5671588,77.3253979,8
18255134,Noida,"Tulip Mall, Sector 48, Noida",28.5575368,77.3675243,8
18277023,Noida,"Tulip Mall, Sector 48, Noida",28.5579292,77.3673027,8
18313203,Noida,"Tulip Mall, Sector 48, Noida",28.5578418,77.367188,8
18254559,Noida,"Tulip Mall, Sector 48, Noida",28.5579297,77.3673216,8
18255132,Noida,"Tulip Mall, Sector 48, Noida",28.5578518,77.367188,8
120519,Panchkula,Sector 9,30.6978586,76.849258,-1
4000016,Patna,Fraser Road Area,25.60803333,85.137825,28
4000033,Patna,Fraser Road Area,25.61034722,85.13588611,28
18279982,Patna,Golambar,25.6097878,85.14262542,28
4000004,Patna,Golambar,25.6172,85.14649167,28
4000269,Patna,Golambar,25.617912,85.148632,28
4000027,Patna,Golambar,25.61042222,85.13382778,28
4000081,Patna,"Hotel Maurya, Lodipur",25.615025,85.142028,28
4000069,Patna,Khajpura,25.60662778,85.074775,-1
4000294,Patna,Khajpura,25.61355147,85.08215654,-1
4000001,Patna,Lodipur,25.61704444,85.14115833,28
4000030,Patna,Lodipur,25.61583889,85.14343889,28
4000018,Patna,Lodipur,25.61098056,85.13806111,28
4000222,Patna,"Maurya Lok, Fraser Road Area",25.61011389,85.13407222,28
4000031,Patna,Patliputra Colony,25.634209,85.106207,-1
4000015,Patna,Sri Krishnapuri,25.61403056,85.11631667,-1
4000007,Patna,Sri Krishnapuri,25.62067778,85.11401389,-1
18343124,Patna,Sri Krishnapuri,25.61552768,85.1154613,-1
3700010,Puducherry,Auroville,11.989991,79.834825,-1
3700009,Puducherry,Auroville,11.99078611,79.82895,-1
18427467,Puducherry,Heritage Town,11.93819039,79.83147883,29
3700024,Puducherry,"Hotel De Pondicherry, White Town",11.92587222,79.83385556,29
3700056,Puducherry,MG Road,11.92994722,79.83015556,29
3700408,Puducherry,MG Road,11.93648771,79.83134832,29
3700017,Puducherry,MG Road,11.92996111,79.83013889,29
3700050,Puducherry,MG Road,11.929275,79.829584,29
3700041,Puducherry,MG Road,11.929842,79.830194,29
3700387,Puducherry,"The Promenade, White Town",11.9331,79.8358,29
3700036,Puducherry,"The Promenade, White Town",11.93315278,79.83575556,29
3700049,Puducherry,"Villa Shanti, White Town",11.929698,79.833191,29
3700069,Puducherry,White Town,11.93154444,79.83570833,29
3700160,Puducherry,White Town,11.92877274,79.83363356,29
18378803,Puducherry,White Town,11.9365319,79.83481014,29
3700051,Puducherry,White Town,11.93021111,79.83331944,29
3700037,Puducherry,White Town,11.93104444,79.83376389,29
3700019,Puducherry,White Town,11.92859167,79.83258056,29
3700021,Puducherry,White Town,11.93036667,79.8348,29
3700561,Puducherry,White Town,11.92598889,79.83419167,29
6508323,Pune,"Balewadi High Street, Balewadi",18.5691562,73.77472289,-1
18383095,Pune,Baner,18.5514399,73.80485516,-1
18378852,Pune,Baner,18.554382,73.7982064,-1
13231,Pune,Deccan Gymkhana,18.51420998,73.83842938,-1
18354483,Pune,Kalyani Nagar,18.5436256,73.9051007,-1
18383076,Pune,Kalyani Nagar,18.54625752,73.90433729,-1
6505309,Pune,Kalyani Nagar,18.54694697,73.90062645,-1
6504409,Pune,Koregaon Park,18.53408003,73.89852025,-1
18350020,Pune,Koregaon Park,18.53656175,73.89648478,-1
6508117,Pune,Koregaon Park,18.53929933,73.897902,-1
18417624,Pune,Koregaon Park,18.533811,73.899315,-1
6505564,Pune,Law College Road,18.52001645,73.83054703,-1
11371,Pune,"Phoenix Market City, Viman Nagar",18.5624502,73.9166191,-1
11807,Pune,"R Deccan Mall, JM Road",18.51621575,73.84252679,-1
18292672,Pune,Ravet,18.63621513,73.75108123,-1
6507461,Pune,Senapati Bapat Road,18.5367185,73.8303275,-1
6507967,Pune,Senapati Bapat Road,18.5309626,73.8289719,-1
6506206,Pune,"Spot 18 Mall, Pimple Saudagar",18.59348149,73.785901,-1
6507495,Pune,Viman Nagar,18.5639345,73.9153669,-1
18441490,Pune,Wakad,18.5927182,73.7735722,-1
2700001,Ranchi,Gandhi Nagar,23.41679167,85.31684167,-1
2700024,Ranchi,Hindpiri,23.35903333,85.32534722,30
2700010,Ranchi,Hindpiri,23.35516389,85.32409722,30
2700007,Ranchi,Hindpiri,23.35780368,85.32514606,30
2700019,Ranchi,"Hotel Capitol Hill, Hindpiri",23.359407,85.325055,30
2700002,Ranchi,Kadru,23.35378333,85.32696667,30
2700008,Ranchi,Kanka,23.35105833,85.32573056,30
2700044,Ranchi,Kanka,23.35442222,85.3329,30
2700059,Ranchi,Kanka,23.35919444,85.32544722,30
2700085,Ranchi,Lalpur,23.37498889,85.33548611,-1
18388053,Ranchi,Lalpur,23.36974563,85.33981957,-1
2700011,Ranchi,Lalpur,23.37129167,85.32787222,-1
2700082,Ranchi,Lalpur,23.37487778,85.33573889,-1
2700032,Ranchi,"Radisson Blu, Hindpiri",23.351489,85.324253,30
2700049,Ranchi,"Spring City Mall, Doranda",23.33301667,85.3172,-1
2700036,Ranchi,"The Royal Retreat, Bariatu",23.39925,85.39046389,-1
96814,Secunderabad,Karkhana,17.4589981,78.5003662,-1
90499,Secunderabad,Sainikpuri,17.4832159,78.5521107,-1
3800319,Surat,Adajan Gam,21.18643846,72.79411532,-1
3800021,Surat,Adajan Gam,21.18660789,72.79413611,-1
18396610,Surat,Adajan Gam,21.18688393,72.79361609,-1
3800053,Surat,Athwa,21.17349346,72.80195273,-1
3800052,Surat,Athwa,21.17510449,72.80434225,-1
3800078,Surat,Athwa,21.185047,72.80858986,-1
3800022,Surat,City Light,21.17079783,72.79048864,-1
3800238,Surat,City Light,21.17334339,72.79273096,-1
3800003,Surat,City Light,21.175975,72.79550278,-1
3800020,Surat,"Golden Square, City Light",21.17105952,72.78929204,-1
3800000,Surat,"International Business Center, Piplod",21.15773452,72.76877817,-1
3800002,Surat,Nanpura,21.18343357,72.81449206,-1
18362165,Surat,Piplod,21.17009563,72.78912205,-1
3800252,Surat,Piplod,21.15772858,72.76872553,-1
3800018,Surat,Piplod,21.16052169,72.77147748,-1
3800016,Surat,Piplod,21.16043664,72.77420897,-1
18439181,Surat,Vesu,21.14956883,72.77269729,-1
3800477,Surat,Vesu,21.14983426,72.7786658,-1
18367402,Surat,Vesu,21.14966885,72.77262915,-1
3800437,Surat,Vesu,21.15275978,72.77805928,-1
3200090,Vadodara,Alkapuri,22.307898,73.167788,31
18295781,Vadodara,Alkapuri,22.32,73.17,31
3200012,Vadodara,Alkapuri,22.310526,73.170937,31
3200005,Vadodara,Alkapuri,22.31279,73.170283,31
3200015,Vadodara,"Hotel Express Towers, Alkapuri",22.310329,73.169083,31
3200032,Vadodara,"M Cube Mall, Vadiwadi",22.308096,73.167753,31
3200311,Vadodara,Vadiwadi,22.31023696,73.15892089,31
3200497,Vadodara,Vadiwadi,22.311603,73.165012,31
3200024,Vadodara,Vadiwadi,22.311844,73.165081,31
3200034,Vadodara,Vadiwadi,22.311358,73.164798,31
3900021,Varanasi,Assi Ghat,25.287958,83.004504,-1
3900059,Varanasi,Assi Ghat,25.288447,83.006523,-1
3900004,Varanasi,Dashaswmedh Road,25.307589,83.010021,-1
3900032,Varanasi,Godaulia,25.311385,82.971977,-1
3900058,Varanasi,Lanka,25.290468,83.001801,-1
3900070,Varanasi,Lanka,25.281437,82.999827,-1
3900057,Varanasi,Lanka,25.270943,82.982869,-1
3900067,Varanasi,Nadesar,25.334362,82.987294,-1
3900050,Varanasi,Nadesar,25.33290879,82.98929069,-1
3900009,Varanasi,"Radisson Hotel, Nadesar",25.338373,82.98081,-1
3900010,Varanasi,"Radisson Hotel, Nadesar",25.338373,82.98081,-1
18346996,Varanasi,Sigra,25.31717627,82.99116335,-1
18246202,Varanasi,Sigra,25.31834492,82.99169443,-1
2800013,Vizag,"CMR Central Mall, Maddilapalem",17.73417778,83.31851111,-1
2800012,Vizag,Dwaraka Nagar,17.72614722,83.30513889,-1
2800294,Vizag,Dwaraka Nagar,17.72629722,83.30341389,-1
2800903,Vizag,"Hotel GreenPark, Vizag",17.715819,83.307073,-1
2800052,Vizag,"Hotel Novotel, Maharani Peta",17.71069,83.315935,-1
2800095,Vizag,Jagadamba Junction,17.71202778,83.30161389,-1
2800096,Vizag,Lawsons Bay,17.73480556,83.33809722,-1
2800083,Vizag,Maddilapalem,17.740024,83.326859,-1
18306045,Vizag,Maharani Peta,17.71266157,83.31983998,-1
18285610,Vizag,MVP Colony,17.726709,83.304558,-1
2800128,Vizag,Rushikonda,17.78386944,83.38285833,-1
2800100,Vizag,Sagar Nagar,17.764287,83.361377,-1
2800881,Vizag,Siripuram,17.7195395,83.31528135,-1
2800042,Vizag,"The Park, Lawsons Bay",17.721182,83.33684,-1
2800019,Vizag,Waltair Uplands,17.72111944,83.31494167,-1
